Bundestag results for the following seat assignments: Adams, D'Hondt, Greedy Method.

Number of elections: 1000| Number of parties: 10| Number of seats: 100

---------------------------------------ADAMS-----------------------------------------
WLQo provided in 0.0% of the instances.
WLQ_X provided in 0.1% of the instances.
WLQ-X-r provided in 76.0% of the instances.
WLQ_1 provided in 100.0% of the instances.
WUQo provided in 0.0% of the instances.
WUQ_X provided in 100.0% of the instances.
WUQ_1 provided in 100.0% of the instances.
WEFX provided in 100.0% of the instances.
WEF1 provided in 100.0% of the instances.
AvgDistToWQ: [1.9, 19.6, 2.3, 6.5, 2.3, 16.1, 5.5, 2.7, 1.5, 16.2, 4.9, 1.6, 11.3, 5.6, 7.0, 5.3, 6.5, 0.9, 17.0, 9.6, 15.2, 2.9, 10.7, 2.6, 15.1, 15.5, 4.4, 16.0, 7.0, 28.0, 5.8, 1.6, 5.5, 13.8, 20.9, 6.0, 3.6, 12.4, 12.9, 6.4, 13.2, 24.1, 12.3, 7.4, 5.1, 3.3, 0.7, 3.6, 0.8, 26.2, 8.0, 10.0, 2.2, 1.8, 13.2, 4.5, 7.1, 17.5, 6.9, 16.6, 13.0, 13.0, 13.5, 3.9, 2.4, 9.4, 3.0, 7.1, 3.9, 5.8, 8.1, 2.2, 9.8, 1.4, 2.3, 5.4, 4.0, 2.7, 11.0, 18.3, 16.6, 3.3, 8.6, 2.6, 4.2, 3.2, 3.7, 28.8, 13.2, 2.7, 12.1, 3.4, 12.7, 7.1, 16.6, 4.1, 14.7, 4.3, 2.3, 3.0, 12.3, 1.2, 10.7, 6.0, 12.1, 4.8, 4.8, 9.6, 6.7, 10.8, 2.6, 8.3, 8.0, 23.4, 5.4, 1.7, 4.6, 6.1, 4.2, 19.4, 15.3, 2.8, 5.5, 9.4, 11.9, 4.1, 1.8, 7.1, 3.3, 5.1, 15.9, 3.8, 13.4, 3.1, 15.5, 3.9, 20.0, 19.9, 2.5, 4.3, 3.4, 4.9, 4.4, 5.1, 20.3, 16.1, 9.0, 3.1, 3.1, 19.8, 7.2, 5.6, 8.6, 18.6, 3.3, 16.5, 15.3, 2.4, 3.1, 23.3, 7.2, 5.3, 10.6, 5.2, 6.6, 6.0, 10.5, 2.9, 2.9, 8.3, 4.8, 7.5, 3.5, 3.4, 5.0, 18.7, 3.9, 8.6, 18.0, 12.0, 5.4, 3.5, 3.7, 28.2, 4.4, 7.8, 21.2, 2.2, 8.1, 10.5, 5.4, 5.2, 10.3, 8.0, 13.1, 4.2, 7.1, 18.1, 2.0, 19.3, 9.5, 4.6, 9.7, 4.8, 2.1, 20.9, 2.7, 1.7, 4.7, 13.2, 21.8, 9.2, 14.9, 3.7, 22.6, 4.1, 4.9, 5.9, 5.1, 3.2, 16.7, 1.8, 16.8, 1.1, 3.4, 5.2, 4.8, 4.7, 23.0, 1.8, 0.8, 34.9, 2.0, 9.6, 11.5, 13.6, 5.0, 20.3, 6.3, 8.6, 28.8, 5.4, 3.5, 5.4, 5.0, 2.1, 1.3, 12.0, 10.8, 17.4, 5.1, 3.6, 13.3, 10.9, 2.5, 2.1, 2.1, 6.6, 14.2, 2.8, 12.7, 5.2, 0.8, 2.5, 6.1, 9.5, 11.9, 5.6, 2.4, 3.4, 7.9, 14.9, 4.7, 17.7, 2.4, 25.0, 16.2, 18.6, 4.7, 13.7, 5.2, 3.4, 19.1, 13.9, 4.7, 3.9, 4.5, 7.4, 4.0, 2.4, 10.5, 9.5, 4.6, 17.5, 22.2, 5.1, 4.1, 3.5, 2.8, 6.3, 5.9, 3.8, 15.3, 16.4, 13.3, 17.3, 8.6, 16.3, 3.8, 6.7, 16.8, 3.4, 13.6, 2.2, 1.6, 43.7, 9.7, 4.7, 19.0, 8.9, 3.5, 8.3, 3.5, 5.2, 4.7, 10.9, 25.0, 1.3, 1.6, 1.6, 2.7, 3.0, 7.0, 13.0, 8.5, 7.3, 16.2, 6.6, 7.2, 6.9, 6.2, 4.4, 10.0, 3.9, 15.9, 1.2, 1.5, 1.6, 0.8, 4.5, 8.2, 27.9, 6.4, 2.6, 39.9, 19.4, 40.9, 3.0, 13.2, 16.6, 17.6, 1.5, 4.3, 19.1, 4.1, 5.4, 4.4, 25.1, 13.7, 2.5, 3.5, 3.3, 2.9, 5.9, 6.3, 10.8, 4.2, 10.2, 11.7, 13.9, 26.9, 5.5, 4.1, 3.3, 5.8, 3.2, 21.4, 20.0, 10.0, 11.1, 3.4, 3.0, 3.0, 4.3, 32.0, 13.4, 11.1, 18.7, 16.6, 20.9, 1.4, 16.5, 6.0, 12.9, 12.3, 28.0, 5.4, 8.8, 19.5, 18.8, 4.1, 2.1, 9.4, 35.7, 3.1, 3.5, 4.5, 3.5, 2.6, 12.3, 7.0, 1.5, 1.9, 15.5, 13.4, 1.9, 2.7, 3.9, 12.5, 5.3, 1.4, 16.9, 3.1, 24.6, 17.4, 1.1, 17.1, 10.4, 24.1, 4.4, 2.1, 16.6, 9.5, 9.2, 6.5, 4.4, 17.0, 6.5, 19.9, 9.4, 4.8, 17.4, 14.3, 6.3, 7.1, 22.9, 2.6, 17.9, 19.1, 8.1, 5.7, 16.6, 7.6, 25.4, 5.2, 2.0, 7.7, 7.3, 10.1, 2.6, 19.2, 2.5, 11.4, 4.9, 3.6, 16.9, 7.0, 12.2, 6.2, 4.7, 26.4, 5.5, 18.1, 1.9, 12.7, 20.0, 18.9, 11.4, 29.0, 4.7, 2.0, 3.9, 2.8, 33.8, 4.8, 2.1, 20.2, 3.8, 2.8, 10.5, 17.5, 2.7, 2.5, 5.9, 10.9, 2.7, 29.4, 15.5, 7.1, 2.4, 4.9, 16.9, 1.8, 7.2, 1.9, 12.8, 4.4, 13.0, 32.6, 6.9, 3.7, 5.4, 12.8, 15.1, 15.5, 3.5, 2.4, 24.2, 20.8, 12.7, 7.8, 39.8, 3.1, 4.6, 25.9, 14.8, 18.4, 26.0, 2.2, 12.3, 3.3, 9.6, 4.5, 2.0, 5.0, 1.7, 3.6, 9.0, 5.2, 5.9, 15.2, 12.4, 3.8, 5.5, 9.4, 28.6, 4.3, 8.9, 3.8, 11.6, 19.2, 1.8, 5.2, 5.4, 4.6, 8.5, 5.1, 16.0, 1.9, 8.9, 13.7, 14.7, 14.6, 14.8, 1.6, 14.7, 4.2, 9.6, 17.9, 1.6, 2.1, 16.8, 4.3, 3.2, 3.0, 3.8, 1.4, 1.8, 7.0, 14.7, 22.7, 8.9, 14.7, 11.1, 3.7, 15.4, 4.1, 1.7, 4.2, 2.4, 3.6, 7.0, 2.5, 20.8, 3.6, 3.7, 4.8, 4.6, 2.0, 18.5, 5.2, 6.3, 8.1, 4.7, 17.1, 17.2, 4.4, 17.4, 6.5, 11.2, 12.7, 18.4, 16.7, 9.0, 12.6, 4.2, 2.5, 6.4, 13.3, 13.5, 18.2, 19.8, 7.2, 36.4, 8.5, 4.4, 8.9, 7.4, 4.3, 5.3, 4.6, 6.9, 6.7, 5.1, 1.3, 9.1, 4.6, 1.9, 22.6, 5.3, 15.8, 3.6, 3.8, 5.2, 4.2, 2.6, 3.1, 8.4, 3.2, 4.5, 14.8, 8.1, 1.7, 4.1, 2.1, 1.8, 8.3, 4.4, 2.0, 3.9, 16.1, 13.8, 9.6, 13.6, 27.0, 7.3, 10.9, 6.2, 2.3, 11.6, 5.1, 30.3, 2.3, 23.8, 15.6, 5.2, 4.4, 18.5, 2.7, 3.1, 7.9, 2.4, 3.8, 4.1, 13.6, 4.6, 9.7, 5.7, 12.8, 12.2, 1.6, 1.1, 11.3, 5.5, 3.6, 4.0, 16.5, 4.1, 12.2, 18.3, 1.4, 11.2, 1.5, 6.1, 21.0, 1.8, 2.2, 13.8, 17.3, 2.0, 5.1, 9.3, 21.6, 18.2, 6.0, 7.0, 4.7, 2.9, 13.9, 3.8, 3.1, 8.9, 1.2, 4.2, 1.7, 17.1, 5.4, 5.9, 3.0, 2.9, 11.7, 7.8, 2.9, 5.7, 4.1, 1.4, 13.3, 3.3, 18.3, 1.3, 3.0, 7.0, 14.2, 15.1, 11.4, 5.1, 10.8, 7.9, 8.1, 13.5, 3.6, 2.0, 9.7, 7.5, 10.7, 8.3, 2.9, 17.0, 10.8, 12.5, 25.7, 23.7, 16.6, 9.9, 7.9, 5.1, 14.6, 2.3, 2.9, 9.9, 11.5, 10.9, 6.5, 11.1, 1.4, 12.5, 6.2, 6.1, 19.7, 33.9, 11.7, 5.8, 4.0, 1.5, 1.4, 10.1, 2.7, 17.4, 1.3, 3.9, 6.2, 2.5, 15.0, 16.8, 26.6, 12.3, 28.7, 21.0, 4.8, 8.6, 16.8, 2.0, 20.4, 1.8, 1.7, 4.2, 5.5, 10.8, 16.4, 14.6, 5.3, 14.9, 4.7, 2.4, 4.1, 3.8, 19.5, 2.1, 13.0, 8.6, 5.2, 0.8, 16.3, 2.5, 3.4, 8.6, 4.5, 16.1, 17.0, 1.2, 1.8, 9.6, 5.1, 3.2, 25.5, 0.7, 7.4, 16.5, 5.2, 12.1, 4.4, 4.6, 9.4, 4.9, 2.0, 13.4, 19.7, 3.8, 3.1, 1.3, 3.8, 2.8, 4.7, 4.9, 1.5, 4.9, 1.7, 3.2, 3.1, 15.5, 13.8, 2.0, 5.9, 2.2, 4.4, 18.7, 2.8, 4.4, 7.6, 29.4, 4.4, 6.5, 12.8, 4.7, 17.5, 3.4, 5.6, 19.5, 15.8, 17.4, 1.0, 1.1, 7.4, 3.5, 2.5, 21.1, 2.3, 11.8, 7.0, 14.8, 16.8, 2.9, 14.6, 9.8, 1.4, 3.0, 2.3, 1.1, 17.3, 20.7, 3.2, 24.6, 14.9, 4.9, 4.7, 5.0, 9.5, 17.8, 4.4, 8.4, 14.3, 17.2, 19.2, 19.0, 2.1, 14.0, 4.6, 8.6, 3.2, 11.8, 15.9, 8.3, 8.1, 11.0, 2.8, 1.3, 2.4, 11.5, 5.2, 2.2, 14.7, 12.6, 3.7, 20.2, 14.6, 12.0, 2.9, 3.9, 15.1, 18.5, 5.4, 16.5, 4.4, 6.8, 4.6, 2.0, 5.6, 4.3, 15.1, 10.3, 2.1, 11.1, 4.1, 4.2, 8.2, 3.6, 1.1, 5.5, 2.6, 14.9, 6.7, 3.1, 8.9, 2.3, 16.6, 1.4, 3.3, 19.7, 2.9, 12.0, 3.0, 11.2, 11.2, 10.8, 4.2, 7.3, 4.1, 3.3, 1.4, 7.4, 19.5, 16.4, 1.9, 2.6, 7.3, 17.8, 6.4, 0.6, 1.8, 2.0]
Max AvgDistToWQ: 43.7, Median AvgDistToWQ: 6.3
AvgDistBelowWLQ: [1.4, 19.2, 1.6, 5.8, 2.5, 9.5, 2.7, 1.6, 1.0, 10.9, 3.0, 1.2, 7.4, 3.6, 5.2, 3.7, 4.7, 1.0, 10.0, 6.3, 10.4, 3.2, 5.6, 2.0, 14.6, 12.5, 4.0, 9.4, 6.2, 17.0, 3.1, 1.5, 5.0, 11.2, 14.4, 3.7, 3.0, 6.2, 7.5, 4.0, 15.8, 19.7, 7.2, 5.8, 3.0, 2.2, 1.0, 2.8, 1.0, 18.3, 5.3, 6.7, 1.8, 1.3, 9.0, 2.7, 6.6, 12.0, 4.6, 11.4, 7.8, 12.6, 8.9, 2.7, 1.6, 5.6, 3.0, 4.6, 3.2, 4.3, 6.2, 1.6, 6.4, 1.7, 2.5, 2.9, 2.7, 1.7, 8.5, 17.6, 9.9, 2.8, 6.7, 2.0, 3.6, 3.2, 2.3, 20.1, 10.3, 2.2, 7.1, 2.2, 8.7, 6.6, 11.4, 3.6, 10.0, 2.6, 1.4, 2.4, 9.8, 1.0, 7.1, 5.2, 8.0, 5.5, 5.5, 7.3, 6.2, 8.5, 1.6, 7.8, 6.0, 14.1, 4.2, 1.2, 4.0, 4.5, 4.5, 13.3, 18.5, 2.0, 3.4, 6.1, 8.0, 3.0, 1.0, 4.6, 2.8, 3.7, 8.2, 3.2, 10.5, 1.7, 12.3, 2.3, 13.7, 16.2, 1.3, 3.8, 2.2, 3.3, 2.7, 3.7, 16.3, 10.9, 7.2, 2.2, 3.5, 13.4, 6.4, 5.2, 6.7, 12.9, 2.3, 11.1, 9.0, 2.0, 2.2, 18.8, 5.7, 3.8, 6.1, 4.6, 4.3, 3.9, 6.7, 1.7, 2.0, 5.3, 4.2, 6.8, 3.2, 2.2, 5.5, 15.0, 2.7, 5.7, 12.3, 9.5, 3.4, 2.3, 2.8, 17.1, 3.8, 6.0, 14.6, 2.5, 7.4, 10.0, 4.0, 3.7, 6.9, 5.0, 10.3, 2.8, 4.4, 14.5, 2.0, 15.5, 7.5, 4.2, 5.6, 3.5, 3.0, 17.0, 2.2, 1.2, 2.4, 7.8, 15.1, 7.2, 10.4, 3.5, 15.6, 4.5, 3.7, 3.6, 3.7, 2.8, 10.1, 1.5, 11.4, 1.0, 2.3, 4.6, 3.5, 4.2, 13.9, 2.0, 1.0, 28.7, 1.0, 7.5, 8.8, 9.3, 3.5, 12.1, 7.0, 6.5, 20.0, 4.0, 2.8, 3.3, 3.3, 1.8, 2.0, 7.1, 6.4, 10.5, 3.7, 3.0, 8.7, 8.5, 1.8, 2.0, 1.6, 5.0, 9.7, 2.0, 8.7, 3.8, 1.0, 2.0, 5.6, 9.0, 8.1, 5.0, 2.5, 2.0, 6.0, 8.6, 4.0, 12.3, 1.8, 17.3, 9.6, 11.1, 2.9, 8.0, 6.0, 1.8, 13.1, 8.2, 3.3, 4.2, 3.0, 4.4, 3.0, 1.5, 7.0, 6.0, 4.0, 12.0, 15.3, 3.0, 2.8, 2.1, 2.2, 4.8, 4.2, 2.5, 12.2, 11.3, 9.0, 11.9, 6.3, 9.8, 2.1, 4.3, 11.4, 2.8, 10.7, 2.0, 1.2, 30.9, 7.7, 6.7, 12.9, 5.9, 3.5, 5.4, 1.8, 3.3, 3.8, 7.3, 20.3, 1.0, 1.2, 2.0, 2.2, 2.0, 4.6, 10.3, 6.7, 7.0, 9.6, 4.0, 4.7, 6.4, 5.8, 2.1, 6.7, 3.0, 9.5, 1.0, 1.2, 1.0, 1.0, 3.2, 4.8, 27.6, 7.2, 2.5, 33.0, 13.4, 40.2, 2.6, 8.9, 11.3, 10.5, 1.2, 2.6, 13.3, 2.8, 4.0, 3.2, 20.5, 8.1, 1.6, 2.6, 2.0, 2.4, 4.3, 5.6, 8.3, 2.8, 8.0, 8.0, 11.0, 18.9, 2.8, 2.7, 2.6, 3.6, 2.6, 17.5, 13.7, 6.6, 8.7, 5.0, 2.0, 2.0, 3.0, 19.5, 9.3, 8.5, 12.9, 13.2, 14.6, 1.7, 11.6, 5.4, 8.7, 7.1, 17.1, 6.2, 4.9, 11.8, 12.7, 2.4, 1.8, 7.3, 29.2, 2.4, 2.0, 3.3, 2.5, 1.3, 8.3, 4.3, 1.3, 1.2, 10.6, 9.0, 1.8, 1.4, 3.2, 8.6, 4.0, 1.2, 10.0, 3.0, 14.9, 13.8, 1.0, 9.1, 7.1, 14.6, 2.6, 2.0, 10.0, 6.3, 7.3, 5.0, 3.2, 11.6, 5.0, 16.2, 5.9, 3.8, 14.0, 8.4, 5.8, 6.6, 16.0, 1.7, 14.3, 15.5, 4.6, 4.2, 13.5, 5.7, 15.4, 2.6, 1.8, 4.4, 8.5, 8.2, 2.5, 13.1, 1.5, 7.6, 4.2, 1.9, 10.0, 4.6, 8.3, 4.8, 2.9, 21.5, 5.0, 14.7, 2.0, 10.0, 13.9, 11.4, 7.7, 17.5, 3.3, 1.4, 3.6, 2.8, 23.7, 4.4, 1.6, 13.7, 3.0, 2.2, 6.2, 13.8, 2.0, 2.2, 4.2, 7.1, 1.7, 20.4, 10.4, 5.5, 2.2, 4.2, 10.0, 3.0, 4.7, 1.2, 6.7, 2.4, 7.6, 26.5, 5.2, 3.0, 4.2, 10.3, 8.9, 7.9, 3.8, 1.5, 19.7, 16.8, 7.2, 6.0, 28.0, 1.4, 2.7, 15.8, 8.6, 10.9, 21.2, 2.0, 8.6, 3.2, 6.3, 3.3, 1.2, 3.7, 2.5, 2.5, 5.9, 3.3, 4.3, 8.0, 9.5, 3.4, 4.8, 6.3, 23.3, 3.0, 8.2, 3.2, 7.7, 13.1, 1.4, 3.8, 3.0, 3.8, 4.9, 3.8, 10.9, 1.2, 5.6, 8.0, 11.5, 10.1, 10.1, 1.5, 8.6, 3.0, 5.4, 12.4, 1.2, 1.2, 11.4, 2.4, 2.6, 1.7, 2.1, 1.0, 1.2, 3.9, 7.8, 13.6, 5.9, 11.7, 8.7, 3.2, 7.9, 2.0, 1.2, 2.6, 2.0, 2.5, 5.3, 1.5, 14.3, 3.8, 4.0, 3.3, 4.0, 2.3, 12.6, 3.1, 5.6, 6.5, 3.0, 13.7, 12.0, 4.2, 12.1, 4.1, 8.7, 8.6, 10.9, 11.6, 8.2, 12.0, 3.2, 2.0, 4.1, 7.9, 10.8, 12.6, 11.9, 4.9, 25.3, 8.0, 4.8, 6.0, 6.6, 3.0, 3.1, 3.8, 6.6, 4.3, 2.6, 1.0, 6.0, 2.6, 2.0, 18.3, 3.4, 10.7, 4.0, 4.2, 4.6, 3.4, 2.0, 2.2, 6.5, 2.2, 4.0, 10.1, 9.5, 2.0, 2.7, 1.4, 1.8, 4.6, 3.8, 1.8, 3.2, 9.5, 11.0, 7.5, 9.3, 22.0, 4.7, 7.4, 4.0, 1.3, 5.9, 4.6, 21.1, 2.0, 14.5, 10.7, 3.7, 3.0, 15.0, 2.0, 2.2, 6.0, 1.6, 3.2, 2.7, 9.1, 3.3, 9.2, 4.2, 7.5, 7.1, 1.2, 1.0, 7.7, 3.8, 2.3, 2.7, 11.0, 2.5, 7.1, 11.0, 1.7, 6.5, 1.2, 5.6, 14.6, 1.4, 2.2, 9.4, 10.4, 2.0, 3.0, 7.3, 13.1, 14.7, 4.0, 6.4, 5.5, 3.0, 9.4, 2.7, 3.0, 6.8, 1.0, 4.5, 1.2, 10.2, 4.2, 3.0, 2.0, 1.6, 7.0, 4.9, 3.0, 3.6, 2.4, 1.3, 7.6, 2.8, 12.6, 1.0, 2.5, 5.3, 8.2, 7.9, 8.8, 4.6, 10.0, 7.2, 6.2, 10.7, 2.0, 1.7, 6.3, 5.5, 8.5, 4.0, 2.2, 11.9, 8.5, 8.4, 25.2, 14.5, 13.5, 7.8, 4.4, 3.3, 11.7, 1.5, 1.6, 7.5, 9.0, 8.3, 5.8, 8.7, 2.0, 9.8, 6.0, 4.5, 13.6, 23.7, 9.2, 4.2, 3.4, 1.7, 1.0, 6.7, 2.2, 11.7, 1.3, 3.2, 4.7, 2.2, 11.8, 10.0, 16.1, 8.4, 20.1, 12.8, 4.4, 5.6, 10.0, 2.0, 16.3, 1.2, 1.2, 2.7, 3.4, 6.4, 9.9, 10.0, 4.0, 10.3, 2.7, 1.8, 2.8, 3.2, 15.8, 1.8, 7.5, 5.7, 5.8, 1.0, 13.0, 1.7, 3.0, 4.9, 3.8, 13.0, 11.7, 1.0, 1.2, 7.5, 4.8, 2.8, 20.7, 1.0, 4.2, 9.9, 3.1, 8.1, 3.2, 3.8, 7.2, 3.0, 1.4, 8.0, 13.6, 3.0, 2.8, 1.0, 2.3, 1.8, 3.5, 3.7, 2.0, 4.4, 1.3, 2.6, 1.8, 9.1, 7.3, 2.0, 2.8, 2.3, 2.6, 13.0, 1.3, 2.6, 4.9, 20.6, 3.3, 5.8, 7.4, 4.2, 10.5, 1.9, 5.0, 13.4, 10.7, 12.0, 1.0, 1.0, 4.7, 3.2, 2.2, 12.6, 2.2, 7.9, 5.3, 11.7, 8.9, 2.4, 11.7, 5.6, 1.3, 2.4, 1.6, 1.0, 11.9, 16.8, 2.4, 24.0, 8.8, 3.0, 4.2, 6.0, 7.5, 10.5, 3.0, 4.8, 9.6, 10.2, 13.0, 11.4, 1.8, 9.4, 2.7, 8.2, 2.6, 8.1, 11.0, 5.4, 6.3, 7.3, 2.5, 1.0, 2.0, 7.4, 4.4, 1.8, 7.7, 12.2, 2.3, 16.3, 8.6, 9.3, 2.4, 2.8, 8.9, 14.8, 3.3, 13.2, 3.2, 5.2, 4.2, 2.3, 3.6, 3.0, 10.4, 8.2, 1.8, 7.3, 4.5, 3.0, 4.0, 3.0, 1.0, 4.8, 1.7, 7.9, 6.2, 3.2, 4.2, 1.3, 13.2, 1.0, 2.6, 11.9, 3.2, 7.0, 2.0, 6.4, 10.6, 8.5, 3.8, 5.7, 2.8, 3.2, 1.0, 4.7, 11.8, 11.3, 1.8, 2.5, 4.9, 12.3, 4.0, 1.0, 2.0, 1.4]
Max AvgDistBelowWLQ: 40.2, Median AvgDistBelowWLQ: 4.7
AvgDistAboveWUQ: [4.0, 23.8, 3.3, 10.3, 2.2, 39.5, 27.0, 4.0, 2.5, 39.5, 7.7, 3.0, 27.5, 9.0, 16.5, 8.3, 7.5, 1.0, 42.0, 15.7, 25.0, 3.2, 53.0, 4.0, 14.6, 19.0, 10.0, 39.5, 11.3, 70.0, 14.0, 6.0, 8.7, 34.0, 51.5, 9.3, 4.0, 61.0, 32.0, 15.0, 12.8, 29.5, 30.0, 17.5, 12.5, 7.5, 1.0, 5.3, 3.0, 43.3, 39.0, 16.3, 9.0, 2.3, 21.7, 7.0, 6.8, 28.7, 33.0, 27.0, 32.0, 12.6, 33.5, 6.0, 3.7, 23.0, 7.0, 11.3, 6.0, 9.0, 9.8, 4.0, 23.5, 1.2, 2.5, 13.0, 9.0, 4.0, 13.0, 22.2, 41.0, 7.5, 10.2, 3.7, 6.3, 2.8, 5.7, 47.3, 32.5, 3.0, 60.0, 5.3, 20.7, 8.0, 26.7, 6.0, 24.0, 6.7, 3.0, 3.0, 15.0, 1.0, 26.0, 9.3, 29.5, 3.7, 4.0, 11.5, 6.2, 17.3, 4.0, 7.8, 9.5, 58.0, 6.5, 1.8, 5.2, 7.0, 6.3, 48.0, 14.8, 6.0, 8.7, 15.3, 29.0, 6.3, 2.7, 11.3, 2.8, 6.0, 79.0, 4.0, 22.0, 4.7, 25.3, 9.0, 33.0, 24.2, 6.0, 4.8, 5.0, 7.3, 10.5, 7.7, 33.3, 26.3, 14.3, 7.0, 3.2, 32.3, 11.7, 5.2, 10.2, 30.3, 5.3, 40.5, 76.0, 2.5, 7.0, 29.0, 11.3, 6.2, 53.0, 8.0, 10.7, 14.5, 52.0, 4.3, 4.0, 13.7, 5.5, 11.7, 5.0, 14.0, 5.5, 22.8, 9.5, 21.0, 44.5, 19.3, 8.7, 8.0, 8.5, 70.0, 6.7, 9.5, 34.7, 3.0, 9.5, 16.7, 8.3, 8.0, 50.0, 12.7, 15.8, 9.5, 17.0, 29.3, 2.0, 23.8, 15.3, 4.2, 23.5, 5.5, 2.2, 25.5, 3.0, 2.0, 11.0, 32.5, 35.7, 15.0, 24.3, 8.5, 37.0, 3.6, 11.5, 9.7, 7.7, 4.7, 41.5, 1.7, 41.5, 4.0, 4.7, 6.0, 7.3, 7.3, 57.0, 2.3, 1.0, 43.0, 4.5, 15.3, 19.0, 22.3, 7.7, 50.0, 7.2, 10.0, 47.7, 8.7, 5.3, 8.7, 8.0, 3.3, 2.0, 29.5, 26.0, 43.0, 8.0, 5.3, 66.0, 13.0, 3.3, 4.0, 9.0, 7.5, 34.5, 4.3, 20.7, 8.0, 2.0, 2.2, 6.8, 22.5, 19.3, 9.0, 3.7, 15.0, 12.7, 74.0, 22.0, 29.0, 1.8, 61.5, 40.0, 46.0, 7.3, 33.5, 4.6, 8.0, 31.3, 34.5, 7.3, 3.4, 11.0, 18.0, 4.8, 3.7, 17.0, 15.3, 11.0, 43.0, 36.3, 8.3, 6.3, 5.3, 6.5, 9.7, 9.0, 4.2, 18.5, 26.7, 21.7, 28.0, 21.0, 40.5, 9.5, 10.7, 27.7, 7.5, 16.5, 4.0, 2.5, 72.3, 15.3, 7.3, 31.0, 14.7, 5.0, 13.0, 17.0, 12.5, 11.5, 26.5, 30.8, 2.0, 2.0, 3.0, 3.7, 7.0, 11.0, 21.3, 20.5, 6.8, 80.0, 10.7, 11.7, 6.4, 9.7, 10.5, 16.0, 4.0, 39.5, 2.5, 1.7, 2.3, 1.5, 7.0, 41.0, 34.2, 7.5, 3.7, 49.5, 31.7, 40.6, 4.3, 32.5, 27.0, 43.5, 1.7, 7.0, 31.7, 6.0, 6.0, 10.5, 30.8, 68.0, 12.0, 5.3, 7.5, 4.7, 9.3, 7.5, 13.0, 6.3, 12.2, 19.0, 34.5, 44.3, 27.0, 6.3, 8.0, 14.0, 4.7, 26.2, 33.0, 24.5, 13.5, 2.2, 6.5, 4.7, 6.3, 79.5, 21.7, 13.2, 30.3, 27.3, 51.5, 1.0, 27.0, 5.6, 21.0, 30.0, 70.0, 6.2, 21.5, 48.5, 30.7, 10.0, 9.0, 23.0, 59.0, 3.2, 8.5, 7.3, 8.0, 6.0, 30.0, 11.3, 2.0, 3.5, 25.3, 33.5, 1.8, 4.0, 9.0, 20.3, 6.0, 3.0, 41.5, 3.2, 61.0, 28.7, 1.5, 85.0, 16.7, 60.0, 7.0, 3.0, 41.0, 15.7, 11.0, 7.8, 6.7, 28.0, 10.3, 24.2, 47.0, 7.3, 21.2, 35.5, 7.5, 8.2, 57.0, 4.0, 29.3, 31.3, 19.5, 9.0, 27.3, 18.5, 63.0, 25.0, 4.0, 37.0, 6.6, 12.2, 5.5, 31.3, 5.5, 18.3, 5.5, 8.5, 41.5, 11.0, 30.0, 7.2, 7.3, 32.5, 8.3, 29.3, 4.0, 20.7, 33.0, 46.5, 28.0, 72.0, 7.0, 2.7, 8.0, 4.0, 55.7, 5.5, 4.0, 33.3, 8.5, 6.0, 25.5, 28.7, 2.8, 2.5, 14.0, 17.7, 3.7, 48.7, 37.5, 8.5, 3.3, 7.7, 42.0, 3.0, 17.5, 9.0, 63.0, 10.5, 32.0, 40.2, 11.0, 4.0, 8.3, 21.0, 37.0, 77.0, 3.5, 3.3, 39.3, 25.2, 62.0, 12.3, 65.3, 7.0, 11.0, 64.0, 74.0, 45.0, 32.0, 3.0, 19.7, 7.5, 23.5, 7.0, 3.5, 5.8, 2.3, 5.3, 14.3, 8.3, 9.0, 76.0, 20.0, 3.4, 6.2, 15.3, 47.3, 6.3, 14.0, 3.4, 28.5, 31.3, 2.7, 6.2, 13.0, 7.0, 21.0, 7.7, 39.0, 8.0, 21.5, 67.0, 36.0, 24.0, 24.3, 1.7, 36.5, 4.8, 23.5, 44.0, 3.0, 4.5, 27.7, 6.7, 5.0, 4.7, 6.0, 2.0, 2.0, 17.5, 73.0, 56.0, 22.0, 18.2, 13.2, 5.7, 77.0, 10.0, 2.0, 10.0, 3.3, 8.5, 8.2, 5.0, 34.0, 3.8, 3.2, 7.3, 11.0, 2.7, 45.5, 12.5, 9.7, 9.5, 7.3, 42.0, 42.0, 6.3, 28.7, 10.3, 13.5, 20.7, 45.5, 27.3, 10.8, 15.2, 9.5, 3.3, 10.3, 32.5, 22.0, 30.0, 49.0, 11.7, 60.3, 10.0, 5.0, 14.7, 17.5, 6.7, 12.5, 7.0, 6.4, 10.7, 12.0, 1.7, 14.7, 7.0, 2.7, 27.8, 13.0, 38.5, 5.7, 8.5, 8.3, 6.3, 3.7, 3.2, 10.0, 5.0, 5.0, 24.3, 7.6, 2.0, 6.3, 4.0, 3.0, 20.0, 5.2, 3.5, 5.7, 40.0, 16.8, 23.0, 33.0, 44.0, 18.0, 17.7, 9.7, 3.0, 58.0, 4.6, 49.7, 5.5, 59.0, 25.7, 6.0, 10.0, 22.8, 3.7, 7.5, 9.5, 3.0, 4.2, 6.0, 33.5, 7.0, 9.4, 6.8, 31.5, 30.0, 1.5, 1.7, 27.5, 13.0, 5.3, 9.5, 27.0, 9.5, 30.0, 45.0, 5.0, 27.5, 1.7, 9.7, 34.7, 2.3, 2.3, 22.3, 43.0, 2.3, 12.5, 15.0, 53.5, 30.0, 9.3, 6.4, 11.0, 3.2, 22.7, 6.0, 4.7, 10.8, 1.0, 4.5, 2.3, 42.5, 8.0, 29.0, 4.0, 13.0, 28.5, 19.0, 2.2, 9.0, 6.3, 2.5, 32.5, 5.0, 45.0, 1.7, 7.0, 11.3, 35.0, 75.0, 18.7, 5.8, 13.0, 9.2, 9.5, 16.2, 17.0, 9.0, 15.7, 18.0, 13.0, 41.0, 4.7, 41.5, 13.0, 20.3, 25.2, 59.0, 27.0, 16.0, 19.0, 12.5, 36.0, 5.0, 6.5, 16.0, 28.0, 13.2, 15.5, 17.7, 2.5, 20.3, 7.5, 9.3, 32.3, 56.0, 14.0, 9.3, 4.5, 5.0, 2.5, 24.5, 2.4, 43.0, 2.5, 9.0, 7.2, 3.7, 24.7, 41.5, 66.0, 20.3, 47.3, 52.0, 11.0, 14.0, 84.0, 4.5, 33.7, 2.0, 1.8, 10.0, 8.7, 26.5, 40.5, 36.0, 8.0, 24.7, 11.0, 3.7, 6.3, 4.0, 31.7, 2.0, 32.0, 13.7, 7.7, 1.0, 26.7, 5.0, 7.5, 21.0, 10.5, 26.3, 27.7, 2.0, 4.0, 11.2, 8.0, 2.6, 41.7, 1.0, 36.0, 40.5, 8.0, 19.7, 7.0, 7.0, 15.0, 7.7, 2.7, 66.0, 32.7, 4.2, 3.5, 2.5, 6.0, 4.3, 7.3, 5.8, 1.7, 5.8, 4.0, 13.0, 4.7, 38.5, 68.0, 4.0, 29.0, 5.0, 6.7, 46.5, 12.0, 10.5, 12.3, 48.3, 5.0, 10.3, 31.5, 10.5, 43.0, 8.0, 8.7, 32.0, 38.5, 28.7, 3.0, 2.0, 11.7, 3.0, 4.5, 52.0, 2.5, 19.3, 11.0, 18.0, 84.0, 7.0, 24.0, 24.0, 1.3, 4.7, 5.0, 1.5, 28.3, 25.5, 6.5, 30.0, 37.0, 7.7, 5.5, 4.4, 15.3, 44.0, 6.7, 41.0, 71.0, 43.0, 31.7, 47.5, 2.7, 22.7, 10.5, 13.7, 7.0, 19.3, 79.0, 13.3, 13.0, 26.5, 4.0, 1.2, 3.7, 28.0, 6.0, 5.0, 73.0, 31.0, 4.5, 24.5, 36.0, 14.5, 4.0, 18.0, 75.0, 30.7, 13.0, 81.0, 6.7, 8.2, 7.0, 2.7, 8.7, 6.7, 25.0, 12.2, 3.0, 18.0, 4.2, 6.7, 40.0, 4.0, 2.0, 8.7, 6.0, 74.0, 7.8, 2.6, 44.0, 5.0, 27.0, 2.5, 4.7, 48.5, 2.2, 29.5, 4.7, 55.0, 13.5, 13.0, 10.0, 11.3, 4.8, 7.5, 2.5, 18.0, 48.5, 26.7, 2.7, 3.7, 17.5, 29.0, 15.0, 1.0, 2.3, 3.0]
Max AvgDistAboveWUQ: 85.0, Median AvgDistAboveWUQ: 10.7

-----------------------------------------------------------------------------------------

---------------------------------------D'HONDT-----------------------------------------
WLQo provided in 28.0% of the instances.
WLQ_X provided in 30.6% of the instances.
WLQ-X-r provided in 100.0% of the instances.
WLQ_1 provided in 100.0% of the instances.
WUQo provided in 9.9% of the instances.
WUQ_X provided in 99.5% of the instances.
WUQ_1 provided in 100.0% of the instances.
WEFX provided in 14.2% of the instances.
WEF1 provided in 99.0% of the instances.
AvgDistToWQ: [0.4, 1.2, 0.9, 0.7, 1.3, 0.6, 1.2, 0.4, 0.6, 0.8, 0.6, 1.1, 1.1, 0.7, 0.4, 0.7, 0.6, 1.2, 0.7, 0.3, 1.0, 1.7, 1.2, 0.8, 0.6, 1.2, 0.8, 0.6, 0.6, 0.8, 0.8, 0.9, 0.4, 0.5, 0.6, 0.9, 1.0, 0.7, 1.2, 1.1, 0.5, 0.6, 1.3, 1.0, 0.3, 0.9, 1.4, 1.3, 1.1, 0.9, 0.5, 0.8, 1.0, 0.4, 1.1, 0.7, 1.1, 0.7, 0.4, 0.6, 0.8, 0.6, 1.3, 1.0, 0.6, 0.4, 0.8, 0.5, 1.2, 0.6, 0.6, 0.5, 0.7, 0.7, 0.6, 0.7, 1.5, 0.9, 0.4, 0.7, 0.7, 1.4, 0.4, 0.7, 0.4, 0.6, 0.8, 0.9, 1.0, 1.2, 0.6, 0.5, 1.1, 1.2, 0.8, 1.1, 0.5, 1.0, 0.7, 1.0, 1.0, 1.0, 0.9, 0.5, 1.1, 1.5, 1.9, 0.8, 0.9, 0.8, 0.6, 0.5, 1.4, 1.0, 0.8, 1.0, 0.6, 0.5, 1.6, 1.1, 0.9, 0.7, 1.0, 0.7, 0.7, 1.1, 1.4, 0.6, 1.5, 1.8, 0.6, 0.8, 0.6, 1.2, 0.8, 1.2, 1.2, 1.0, 0.9, 0.5, 0.6, 0.6, 0.4, 1.7, 0.8, 0.6, 0.6, 0.6, 0.8, 0.6, 1.0, 0.8, 1.1, 0.8, 0.9, 0.5, 1.2, 0.6, 1.4, 0.5, 1.7, 0.8, 1.1, 0.8, 0.3, 0.6, 1.1, 0.7, 1.0, 0.6, 0.9, 1.2, 1.2, 0.4, 0.6, 1.2, 0.8, 1.0, 0.6, 0.5, 0.8, 0.8, 0.7, 0.9, 0.5, 0.6, 1.0, 0.7, 0.6, 0.8, 0.6, 0.6, 0.4, 0.8, 1.0, 0.4, 0.4, 0.4, 0.9, 0.7, 0.8, 1.1, 0.8, 1.0, 0.6, 1.1, 0.7, 1.2, 0.4, 0.7, 0.9, 0.6, 1.2, 0.6, 1.7, 1.0, 1.4, 1.0, 0.6, 1.0, 1.2, 0.7, 0.5, 0.4, 0.5, 0.6, 0.8, 0.9, 1.3, 0.6, 0.9, 0.7, 0.6, 0.6, 0.8, 0.8, 1.1, 0.5, 1.0, 0.8, 0.5, 1.1, 0.8, 0.7, 1.2, 0.5, 0.4, 1.0, 0.6, 1.2, 1.4, 0.7, 0.8, 0.7, 1.0, 1.1, 0.5, 0.6, 0.7, 1.2, 0.6, 0.5, 1.1, 0.9, 0.9, 1.0, 1.2, 1.4, 1.2, 0.7, 0.7, 1.0, 0.5, 1.1, 0.9, 1.1, 0.4, 0.9, 0.8, 1.1, 0.8, 1.0, 0.5, 0.9, 1.0, 0.4, 0.6, 0.9, 0.9, 0.7, 0.5, 0.9, 0.7, 0.9, 1.1, 0.8, 0.7, 0.9, 0.7, 0.7, 0.8, 0.8, 0.6, 0.8, 0.9, 1.2, 1.1, 0.7, 0.5, 0.5, 0.5, 1.0, 1.0, 0.9, 1.2, 0.6, 0.6, 0.4, 1.0, 0.5, 1.0, 0.8, 0.6, 0.8, 0.8, 1.0, 0.5, 1.2, 0.8, 1.0, 0.8, 0.5, 0.7, 1.0, 0.8, 0.9, 0.5, 0.8, 0.5, 0.6, 0.7, 0.6, 0.8, 0.3, 0.5, 1.0, 0.5, 1.0, 0.5, 0.5, 0.9, 0.8, 0.8, 1.2, 0.6, 1.0, 1.6, 0.9, 0.8, 0.4, 1.0, 1.4, 0.7, 0.9, 0.9, 0.6, 0.5, 1.3, 0.4, 0.6, 0.8, 1.0, 1.3, 1.2, 0.6, 0.8, 0.8, 0.9, 0.4, 1.0, 1.3, 1.1, 0.6, 1.1, 1.0, 0.4, 0.9, 1.0, 0.4, 0.5, 1.9, 0.7, 0.6, 1.2, 0.8, 0.6, 0.8, 0.8, 0.5, 0.6, 0.8, 0.7, 1.2, 0.9, 0.9, 0.9, 1.0, 0.7, 0.5, 0.8, 0.3, 1.0, 0.9, 0.7, 0.6, 1.2, 0.3, 0.7, 0.6, 0.9, 0.9, 0.8, 0.9, 0.6, 0.5, 0.9, 0.5, 0.9, 1.5, 2.0, 1.0, 1.1, 1.8, 0.4, 0.7, 1.0, 0.6, 0.7, 0.9, 1.1, 0.8, 0.8, 0.9, 0.5, 0.5, 0.3, 0.9, 0.9, 0.9, 0.8, 0.9, 0.7, 1.5, 0.7, 0.3, 1.5, 1.1, 0.4, 1.1, 0.8, 0.8, 1.1, 0.6, 0.8, 0.8, 0.8, 0.8, 1.3, 0.5, 0.8, 0.7, 0.6, 0.5, 1.0, 1.0, 0.7, 0.7, 1.1, 1.4, 1.0, 0.9, 0.8, 1.0, 1.8, 0.7, 0.5, 0.6, 0.7, 0.7, 1.2, 1.0, 1.0, 1.5, 1.2, 0.5, 0.6, 0.6, 0.5, 0.7, 0.5, 0.7, 0.9, 1.3, 1.1, 0.8, 1.7, 0.7, 0.9, 1.1, 0.9, 0.8, 1.0, 0.7, 1.0, 1.3, 0.9, 1.0, 0.5, 0.6, 0.5, 0.8, 1.0, 0.6, 1.1, 1.0, 0.9, 0.8, 1.2, 0.8, 1.1, 1.5, 0.3, 1.4, 0.4, 0.9, 0.9, 0.7, 0.7, 0.7, 0.7, 1.4, 0.7, 0.6, 0.6, 0.9, 1.2, 0.8, 0.3, 0.7, 0.7, 1.0, 1.3, 0.9, 1.2, 0.6, 1.3, 1.2, 0.4, 0.5, 0.7, 1.1, 0.5, 0.9, 0.9, 1.4, 0.7, 0.8, 0.9, 0.4, 1.6, 0.6, 1.0, 0.8, 0.5, 0.8, 1.5, 0.4, 1.1, 0.6, 0.4, 0.4, 0.5, 0.8, 0.9, 0.8, 1.4, 0.5, 1.6, 0.6, 0.5, 0.4, 0.9, 0.9, 1.1, 1.0, 0.3, 0.8, 1.1, 1.1, 0.8, 1.1, 0.5, 0.7, 0.7, 1.3, 0.4, 0.5, 0.5, 0.7, 1.2, 0.5, 0.7, 0.9, 0.6, 0.5, 1.5, 0.6, 1.2, 1.1, 0.9, 1.2, 0.7, 0.6, 0.5, 1.2, 0.8, 0.6, 0.6, 0.8, 0.8, 0.5, 0.7, 0.7, 1.0, 1.0, 0.6, 0.9, 0.3, 0.9, 1.1, 1.2, 0.5, 0.6, 0.8, 1.2, 0.5, 0.5, 0.9, 0.8, 0.5, 0.6, 0.7, 1.0, 0.4, 0.7, 0.6, 0.9, 1.0, 0.5, 1.2, 0.6, 0.9, 0.5, 1.1, 0.9, 1.1, 0.3, 0.6, 0.7, 0.8, 0.4, 0.8, 0.4, 1.3, 1.2, 1.3, 0.8, 0.5, 0.9, 0.5, 1.0, 0.8, 0.5, 0.4, 1.4, 0.5, 0.5, 0.4, 1.5, 0.7, 0.8, 0.9, 1.4, 0.4, 1.4, 0.4, 0.5, 0.9, 1.1, 1.2, 0.8, 0.5, 0.7, 0.8, 0.8, 0.5, 0.6, 0.8, 1.5, 1.0, 0.5, 0.6, 0.9, 0.9, 0.6, 0.5, 0.4, 1.2, 1.0, 0.9, 0.5, 0.8, 1.2, 0.8, 0.6, 0.8, 0.8, 0.5, 0.8, 1.0, 0.5, 0.7, 1.0, 0.5, 1.6, 0.7, 1.0, 1.2, 0.6, 1.0, 0.7, 0.5, 1.0, 0.6, 0.7, 0.5, 1.2, 0.9, 0.5, 0.6, 0.8, 0.9, 1.1, 0.8, 1.0, 0.5, 0.8, 1.0, 1.2, 0.7, 1.2, 1.0, 0.7, 1.1, 0.9, 0.4, 1.3, 0.7, 1.4, 1.8, 0.5, 0.7, 1.1, 1.0, 0.8, 1.4, 0.8, 0.9, 1.0, 0.9, 0.9, 0.7, 0.8, 1.0, 0.8, 0.5, 0.6, 0.8, 0.5, 0.9, 0.9, 0.6, 0.7, 0.5, 0.4, 0.6, 0.7, 0.7, 0.7, 0.3, 0.9, 0.7, 0.8, 1.2, 0.4, 0.5, 0.6, 0.8, 1.5, 0.4, 1.3, 1.1, 0.9, 0.6, 0.4, 1.1, 1.0, 1.0, 0.7, 0.7, 1.0, 0.5, 0.6, 0.9, 0.5, 1.0, 0.4, 0.9, 1.1, 1.1, 1.6, 0.5, 0.9, 0.6, 0.7, 1.0, 0.4, 0.6, 0.8, 0.8, 1.3, 0.7, 0.6, 1.3, 0.9, 1.1, 0.5, 0.5, 1.1, 1.4, 0.7, 0.5, 0.6, 0.9, 1.6, 0.6, 0.8, 1.5, 0.8, 0.8, 0.5, 0.4, 0.8, 0.8, 0.6, 0.4, 0.8, 0.7, 1.0, 0.7, 0.7, 1.3, 0.6, 1.2, 0.9, 0.9, 0.5, 0.5, 1.0, 0.5, 0.5, 0.7, 0.4, 1.2, 1.0, 0.9, 1.1, 0.6, 0.7, 0.7, 0.8, 1.3, 0.6, 1.1, 0.5, 1.2, 0.9, 0.5, 0.7, 1.5, 0.9, 0.9, 1.1, 1.5, 0.7, 0.9, 0.6, 1.0, 0.8, 0.6, 0.3, 0.7, 0.6, 0.4, 0.6, 0.6, 0.8, 0.9, 0.7, 1.1, 0.4, 1.1, 0.9, 0.5, 1.0, 0.8, 0.8, 1.0, 0.5, 1.3, 0.7, 0.8, 0.4, 0.6, 1.0, 0.4, 0.7, 1.4, 0.7, 0.9, 0.8, 0.6, 0.6, 0.9, 0.6, 0.8, 0.8, 0.8, 0.8, 0.7, 0.6, 0.5, 0.8, 1.7, 0.6, 0.5, 1.0, 0.8, 0.6, 0.7, 1.2, 1.0, 0.7, 1.1, 0.5, 0.5, 0.6, 1.3, 0.5, 0.5, 0.5, 1.0, 1.2, 0.9, 0.8, 1.0, 1.2, 0.9, 0.3, 1.2, 0.9, 1.1, 0.8, 0.4, 0.6, 0.8, 1.2, 0.7, 1.4, 0.8, 1.0, 0.5, 0.6, 0.9, 1.2, 0.7, 0.8, 0.4, 1.3, 1.0]
Max AvgDistToWQ: 2.0, Median AvgDistToWQ: 0.8
AvgDistBelowWLQ: [0, 1.3, 1.0, 1.0, 1.0, 0, 1.3, 0, 1.0, 1.0, 0, 1.5, 1.5, 1.0, 1.0, 0, 1.0, 1.0, 0, 0, 1.0, 1.2, 1.3, 2.0, 0, 1.5, 1.0, 0, 0, 0, 1.0, 2.0, 0, 0, 1.0, 1.0, 1.0, 1.0, 1.0, 1.0, 0, 1.0, 1.0, 1.5, 0, 1.0, 1.2, 1.0, 1.5, 1.0, 0, 0, 1.0, 0, 1.5, 1.0, 1.5, 0, 0, 0, 1.0, 0, 1.0, 1.0, 0, 0, 0, 0, 1.0, 0, 0, 0, 1.0, 1.0, 1.0, 1.0, 1.7, 1.0, 0, 1.0, 1.0, 1.0, 0, 1.0, 1.0, 0, 1.0, 1.0, 1.0, 1.0, 1.0, 0, 1.0, 1.3, 1.5, 1.0, 0, 1.0, 1.0, 1.0, 1.0, 1.3, 1.0, 0, 1.0, 2.0, 1.8, 0, 1.0, 0, 0, 0, 1.3, 1.0, 1.0, 1.0, 1.0, 0, 1.5, 1.0, 1.0, 1.0, 1.0, 0, 1.0, 1.0, 1.3, 0, 1.3, 2.0, 0, 1.0, 0, 1.3, 1.0, 2.0, 1.0, 1.0, 1.0, 0, 1.0, 1.0, 0, 1.5, 2.0, 1.0, 1.0, 1.0, 1.0, 1.0, 1.0, 0, 1.0, 3.0, 1.0, 0, 1.0, 2.0, 1.2, 0, 1.2, 1.0, 1.0, 1.0, 0, 1.0, 1.5, 1.0, 1.0, 0, 1.0, 1.0, 1.0, 0, 1.0, 1.0, 1.0, 1.0, 0, 0, 1.0, 1.0, 1.0, 1.0, 1.0, 1.0, 1.0, 1.0, 1.0, 1.0, 1.0, 0, 0, 1.0, 1.0, 0, 0, 0, 1.0, 1.0, 1.0, 1.0, 1.0, 1.5, 0, 1.0, 1.0, 1.3, 0, 1.0, 1.0, 0, 1.0, 1.0, 1.5, 1.0, 1.7, 1.0, 0, 1.0, 1.0, 1.0, 0, 0, 0, 0, 1.0, 1.0, 1.5, 0, 1.0, 1.0, 0, 1.0, 1.0, 0, 1.3, 0, 1.0, 1.0, 0, 1.0, 1.0, 0, 1.0, 0, 0, 1.0, 1.0, 1.0, 1.3, 1.0, 1.0, 0, 1.0, 1.0, 0, 0, 1.0, 1.0, 0, 0, 1.0, 1.0, 1.0, 2.0, 1.5, 1.0, 1.5, 1.0, 0, 1.0, 0, 1.5, 1.0, 1.0, 0, 1.0, 0, 1.5, 1.0, 1.0, 0, 1.0, 1.0, 0, 0, 1.0, 1.0, 1.0, 0, 1.0, 1.0, 1.0, 1.0, 1.0, 0, 2.0, 1.0, 1.0, 1.0, 1.0, 1.0, 1.0, 1.0, 1.0, 1.5, 1.0, 0, 0, 0, 1.0, 1.0, 1.0, 1.0, 1.0, 1.0, 0, 1.0, 0, 1.0, 1.0, 0, 1.0, 1.0, 1.3, 0, 1.5, 1.0, 1.0, 1.0, 1.0, 1.0, 1.0, 1.0, 1.0, 0, 1.0, 0, 1.0, 1.0, 0, 1.0, 0, 0, 1.0, 0, 1.0, 0, 0, 1.0, 1.0, 1.0, 1.0, 0, 1.5, 1.0, 1.0, 1.0, 0, 1.0, 1.2, 2.0, 1.0, 1.0, 1.0, 0, 1.0, 0, 0, 1.0, 1.0, 1.0, 1.0, 0, 1.0, 1.0, 1.0, 0, 1.0, 2.0, 1.0, 0, 1.0, 1.0, 0, 2.0, 1.0, 0, 0, 1.8, 1.0, 0, 1.0, 0, 1.0, 1.0, 1.0, 0, 1.0, 1.0, 1.0, 1.0, 1.0, 1.0, 1.0, 1.0, 1.0, 0, 1.0, 0, 1.5, 1.0, 0, 0, 1.0, 0, 1.0, 1.0, 1.0, 1.0, 1.0, 1.0, 0, 0, 1.0, 0, 1.0, 1.2, 1.8, 1.0, 1.0, 1.8, 0, 1.0, 1.0, 1.0, 1.0, 1.0, 1.0, 1.0, 1.0, 1.0, 1.0, 0, 0, 1.0, 1.0, 1.0, 1.3, 1.0, 0, 1.3, 0, 0, 2.0, 1.0, 0, 1.5, 1.0, 1.0, 1.0, 0, 1.0, 1.0, 1.0, 1.0, 1.0, 0, 0, 1.0, 0, 0, 1.0, 1.0, 1.0, 1.0, 1.5, 1.7, 1.0, 1.0, 1.0, 1.5, 2.0, 1.0, 1.0, 1.0, 1.0, 1.0, 1.0, 1.0, 1.3, 1.0, 2.0, 0, 1.0, 0, 0, 1.0, 1.0, 0, 1.5, 1.7, 1.0, 1.0, 1.2, 0, 1.0, 2.0, 1.0, 1.0, 1.0, 0, 1.5, 1.0, 1.0, 1.0, 0, 0, 1.0, 1.0, 1.5, 0, 2.0, 1.0, 1.0, 1.0, 1.5, 2.0, 1.0, 1.2, 0, 1.3, 0, 1.0, 1.0, 1.0, 0, 1.0, 1.0, 1.3, 1.0, 1.0, 1.0, 1.0, 1.0, 1.0, 0, 1.0, 1.0, 2.0, 1.3, 1.0, 1.0, 1.0, 1.0, 1.3, 0, 0, 1.0, 1.0, 1.0, 1.0, 1.0, 1.0, 1.0, 1.0, 2.0, 0, 1.2, 1.0, 1.5, 0, 0, 1.0, 1.3, 0, 1.0, 0, 0, 0, 0, 2.0, 1.0, 1.0, 1.0, 0, 1.5, 0, 0, 0, 1.0, 0, 1.0, 1.0, 0, 1.0, 1.3, 1.5, 1.0, 1.0, 0, 1.0, 1.0, 1.3, 0, 0, 0, 0, 2.0, 0, 1.0, 1.5, 1.0, 0, 1.2, 1.0, 1.0, 1.0, 1.0, 1.0, 1.0, 1.0, 0, 2.0, 1.0, 1.0, 0, 1.0, 1.0, 0, 0, 1.0, 1.0, 1.0, 1.0, 1.0, 0, 1.0, 1.0, 1.0, 1.0, 1.0, 2.0, 1.5, 1.0, 0, 1.0, 1.0, 0, 0, 1.0, 1.0, 0, 1.0, 1.0, 1.0, 1.0, 0, 1.0, 0, 1.0, 0, 1.0, 1.0, 1.5, 0, 0, 1.0, 1.0, 0, 1.0, 0, 1.0, 1.3, 1.0, 1.0, 0, 1.0, 0, 2.0, 1.0, 1.0, 0, 1.3, 1.0, 1.0, 0, 1.2, 1.0, 0, 1.5, 1.3, 0, 2.0, 0, 0, 1.0, 1.5, 1.3, 1.0, 0, 1.0, 0, 1.0, 1.0, 0, 1.0, 1.7, 1.0, 1.0, 1.0, 1.5, 1.0, 0, 0, 0, 1.3, 1.0, 1.0, 0, 1.0, 1.5, 1.0, 1.0, 1.0, 1.0, 1.0, 1.0, 2.0, 0, 0, 1.0, 0, 1.7, 1.0, 1.0, 1.0, 1.0, 1.0, 1.0, 0, 1.0, 0, 1.0, 0, 1.0, 1.5, 0, 0, 1.0, 1.0, 1.5, 1.0, 1.0, 0, 1.0, 1.0, 1.3, 1.0, 1.5, 1.0, 1.0, 1.0, 1.0, 0, 1.0, 1.0, 1.0, 1.5, 0, 1.0, 1.0, 1.0, 1.0, 1.3, 1.0, 1.0, 1.0, 2.0, 1.0, 0, 1.0, 1.0, 1.0, 0, 1.0, 0, 0, 1.0, 1.0, 0, 0, 1.0, 1.0, 1.0, 0, 0, 1.0, 0, 1.0, 1.0, 0, 1.5, 1.0, 1.0, 1.0, 1.0, 1.0, 0, 1.0, 1.5, 0, 1.0, 1.0, 1.0, 1.0, 1.0, 1.0, 1.0, 1.0, 0, 1.0, 1.0, 1.0, 1.0, 0, 1.0, 1.0, 1.0, 1.5, 0, 1.0, 1.0, 1.0, 1.5, 0, 0, 1.0, 1.0, 1.2, 1.0, 1.0, 1.0, 1.0, 1.5, 0, 0, 1.0, 1.3, 1.0, 0, 0, 1.0, 1.5, 1.0, 1.0, 1.0, 1.0, 1.0, 1.0, 0, 1.0, 1.0, 1.0, 0, 1.0, 1.0, 1.0, 0, 1.0, 1.0, 1.0, 2.0, 1.0, 1.0, 1.0, 0, 1.0, 1.0, 1.0, 1.0, 0, 1.0, 1.0, 1.0, 1.0, 0, 1.0, 0, 1.0, 1.3, 0, 1.0, 1.0, 1.0, 1.0, 0, 1.0, 1.0, 1.0, 1.0, 1.0, 2.0, 1.0, 0, 0, 1.0, 1.0, 1.0, 0, 0, 0, 0, 0, 1.0, 1.0, 1.0, 1.0, 1.0, 0, 1.0, 0, 0, 1.0, 1.0, 1.0, 1.0, 0, 1.0, 1.0, 1.0, 0, 0, 1.0, 0, 0, 1.0, 1.0, 1.0, 1.0, 0, 0, 1.0, 0, 1.0, 1.0, 1.0, 1.0, 0, 0, 0, 1.0, 1.3, 1.0, 0, 1.3, 1.0, 0, 1.0, 1.0, 2.0, 0, 1.0, 0, 0, 1.0, 1.5, 0, 1.0, 0, 1.0, 1.0, 2.0, 1.0, 1.0, 1.3, 1.0, 0, 2.0, 1.5, 1.5, 1.0, 0, 0, 1.0, 1.5, 1.0, 1.0, 0, 0, 0, 1.0, 1.0, 1.0, 1.0, 1.0, 1.0, 1.3, 1.0]
Max AvgDistBelowWLQ: 3.0, Median AvgDistBelowWLQ: 1.0
AvgDistAboveWUQ: [0, 4.0, 1.5, 1.0, 1.3, 1.0, 2.0, 1.0, 1.0, 1.0, 0, 1.5, 2.0, 1.0, 0, 2.0, 1.0, 1.7, 1.0, 0, 2.0, 2.3, 1.0, 1.0, 1.0, 1.0, 1.0, 1.0, 1.0, 2.0, 1.5, 1.0, 0, 0, 1.0, 1.0, 1.5, 1.0, 2.0, 1.3, 1.0, 1.0, 2.0, 1.0, 1.0, 1.5, 1.7, 2.5, 1.0, 1.5, 1.0, 3.0, 1.0, 1.0, 1.5, 1.0, 2.0, 2.0, 0, 1.0, 2.0, 1.0, 1.7, 1.5, 1.0, 1.0, 2.0, 1.0, 1.0, 1.0, 1.5, 1.0, 1.0, 2.0, 0, 1.0, 2.5, 2.0, 1.0, 2.0, 1.0, 2.5, 0, 1.0, 1.0, 2.0, 2.0, 1.0, 1.3, 2.5, 1.0, 0, 1.5, 2.0, 1.0, 1.0, 0, 1.0, 1.0, 3.0, 1.5, 1.5, 1.0, 1.0, 2.0, 2.0, 2.7, 1.5, 3.0, 2.0, 1.0, 1.0, 3.0, 1.3, 1.0, 1.0, 1.0, 1.0, 2.0, 1.3, 2.0, 1.0, 2.0, 1.0, 2.0, 1.3, 1.0, 1.0, 1.7, 2.7, 1.0, 1.0, 1.0, 1.3, 1.5, 1.0, 1.3, 1.5, 1.0, 1.0, 1.0, 1.0, 1.0, 2.3, 1.0, 2.0, 1.0, 0, 2.0, 1.0, 4.0, 1.0, 2.0, 1.0, 1.0, 1.0, 1.3, 0, 1.7, 1.0, 2.3, 1.0, 2.0, 1.5, 1.0, 1.0, 1.3, 2.0, 1.0, 1.0, 1.5, 2.0, 1.3, 0, 1.0, 1.7, 1.0, 1.5, 1.0, 1.0, 1.5, 1.5, 1.0, 1.0, 1.0, 1.0, 1.5, 1.0, 1.0, 2.0, 1.0, 1.0, 0, 1.3, 1.5, 0, 0, 1.0, 2.0, 1.0, 1.0, 2.0, 2.0, 1.5, 1.0, 1.0, 1.0, 1.5, 1.0, 2.0, 1.0, 1.0, 1.0, 1.0, 2.3, 1.0, 2.0, 1.0, 0, 3.0, 1.5, 1.0, 1.0, 0, 1.0, 1.0, 1.5, 1.0, 1.7, 1.0, 1.0, 1.0, 2.0, 1.0, 3.0, 1.0, 1.3, 1.0, 2.0, 1.5, 1.0, 2.0, 2.0, 1.0, 1.7, 1.0, 1.0, 1.0, 1.0, 1.5, 1.7, 1.0, 2.0, 1.0, 1.5, 3.0, 0, 2.0, 1.0, 1.3, 2.0, 1.0, 1.0, 1.0, 1.5, 3.0, 1.5, 1.3, 2.0, 1.0, 1.0, 1.0, 1.0, 1.5, 1.3, 1.0, 1.0, 1.0, 4.0, 3.0, 1.0, 1.0, 0, 1.0, 1.0, 0, 1.0, 1.0, 1.0, 1.0, 1.0, 1.0, 1.0, 3.0, 2.0, 1.5, 2.0, 1.0, 2.0, 3.0, 1.5, 1.5, 1.0, 1.0, 1.5, 2.5, 1.3, 1.0, 1.0, 1.0, 1.0, 1.5, 1.5, 1.0, 2.0, 1.0, 1.0, 1.0, 1.3, 1.0, 2.0, 1.0, 0, 1.0, 1.5, 1.0, 1.0, 1.3, 1.0, 4.0, 2.0, 1.0, 1.0, 2.0, 2.0, 1.5, 1.0, 1.5, 1.0, 1.0, 1.0, 1.0, 1.0, 0, 0, 1.3, 1.0, 1.3, 1.0, 0, 1.0, 1.0, 1.0, 1.5, 0, 2.0, 3.5, 0, 1.0, 0, 1.3, 1.3, 1.0, 1.5, 1.0, 1.0, 1.0, 2.5, 0, 1.0, 1.5, 1.5, 1.7, 1.3, 1.0, 1.5, 1.0, 1.0, 1.0, 1.5, 2.5, 1.7, 1.0, 2.0, 1.3, 1.0, 1.0, 2.0, 0, 0, 2.3, 2.0, 1.0, 1.3, 1.0, 0, 1.0, 1.0, 0, 1.0, 2.0, 1.0, 2.5, 1.0, 1.5, 1.5, 3.0, 1.0, 0, 1.5, 0, 1.0, 1.5, 1.0, 1.0, 2.0, 0, 1.5, 1.0, 1.5, 1.3, 1.0, 1.5, 1.0, 2.0, 3.0, 1.0, 1.0, 1.2, 2.7, 1.0, 1.5, 1.8, 0, 1.5, 1.0, 0, 1.0, 3.0, 2.0, 1.0, 2.0, 2.0, 0, 1.0, 0, 1.0, 1.5, 1.0, 1.3, 1.0, 1.0, 2.0, 1.0, 0, 2.0, 2.0, 0, 2.0, 1.5, 1.5, 1.3, 2.0, 1.0, 1.5, 1.0, 1.0, 2.5, 1.0, 2.0, 1.0, 1.0, 1.0, 1.0, 1.5, 1.0, 1.0, 1.0, 2.5, 1.5, 1.5, 1.5, 1.5, 2.3, 1.0, 1.0, 1.0, 1.0, 1.0, 1.0, 1.5, 2.0, 3.0, 2.0, 0, 0, 1.0, 1.0, 2.0, 0, 1.0, 1.5, 2.0, 1.3, 1.0, 2.3, 1.0, 1.5, 1.3, 1.0, 1.0, 1.0, 1.0, 1.5, 1.7, 1.0, 1.5, 1.0, 1.0, 0, 1.5, 2.0, 1.0, 1.0, 1.3, 3.0, 1.0, 1.3, 1.5, 2.0, 3.0, 1.0, 1.2, 0, 3.0, 1.5, 1.0, 2.0, 1.0, 0, 1.5, 2.0, 1.0, 1.0, 1.0, 1.0, 1.0, 0, 2.0, 2.0, 2.0, 1.2, 1.0, 2.5, 1.0, 1.7, 1.5, 0, 1.0, 2.0, 1.3, 1.0, 1.5, 1.0, 1.7, 1.0, 1.0, 1.0, 0, 2.0, 1.0, 1.5, 2.0, 1.0, 2.0, 2.0, 0, 1.3, 1.0, 1.0, 0, 1.0, 1.0, 1.5, 2.0, 1.7, 1.0, 1.5, 1.0, 0, 1.0, 1.5, 1.5, 1.3, 1.0, 0, 1.0, 1.0, 1.0, 2.0, 1.0, 1.0, 1.0, 1.5, 1.2, 1.0, 1.0, 1.0, 1.0, 1.7, 0, 1.0, 1.0, 1.0, 1.0, 1.3, 1.0, 2.5, 4.0, 2.0, 2.0, 1.0, 1.0, 2.0, 2.5, 1.5, 1.0, 1.0, 1.0, 1.0, 0, 1.0, 0, 2.0, 1.5, 2.0, 1.5, 0, 1.5, 1.0, 1.3, 0, 1.0, 1.0, 2.0, 1.0, 1.0, 3.0, 1.0, 0, 1.0, 1.0, 1.0, 0, 1.0, 1.0, 3.0, 1.5, 1.0, 2.0, 1.0, 1.5, 0, 1.3, 1.0, 1.5, 1.0, 1.0, 1.0, 1.0, 1.0, 1.0, 0, 2.5, 1.7, 1.3, 1.5, 1.0, 1.5, 1.0, 4.0, 1.0, 1.0, 0, 1.7, 1.0, 1.0, 0, 1.5, 1.0, 1.5, 3.0, 1.7, 0, 1.0, 0, 0, 1.5, 1.5, 1.0, 1.0, 0, 0, 3.0, 1.0, 1.0, 1.0, 1.0, 1.7, 1.5, 1.0, 1.0, 1.0, 1.0, 2.0, 0, 0, 1.0, 1.0, 1.0, 1.0, 3.0, 1.0, 1.0, 0, 1.5, 1.0, 1.0, 1.0, 1.5, 1.0, 1.0, 1.5, 0, 2.0, 2.0, 1.0, 1.3, 1.0, 1.0, 1.0, 1.0, 4.0, 1.0, 1.0, 1.0, 2.5, 1.0, 1.0, 1.0, 1.5, 1.0, 1.3, 1.0, 1.5, 1.0, 1.5, 1.3, 2.5, 1.0, 1.7, 1.0, 1.0, 1.0, 1.5, 1.0, 1.7, 1.0, 1.7, 4.0, 0, 1.0, 3.0, 1.5, 1.0, 2.0, 1.0, 1.0, 1.5, 1.5, 2.0, 1.0, 3.0, 2.0, 1.0, 1.0, 1.0, 1.0, 1.0, 1.3, 1.0, 1.0, 1.0, 1.0, 0, 1.0, 1.0, 1.0, 1.0, 0, 1.5, 1.0, 3.0, 1.3, 1.0, 1.0, 2.0, 1.0, 3.0, 0, 1.3, 1.5, 2.0, 1.0, 0, 2.0, 1.5, 2.0, 0, 2.0, 1.5, 0, 1.0, 1.5, 0, 2.0, 1.0, 2.0, 1.5, 1.3, 3.5, 1.0, 1.0, 2.0, 1.0, 1.0, 0, 1.0, 1.0, 1.0, 1.7, 1.0, 1.0, 2.5, 1.5, 1.5, 0, 1.0, 1.3, 2.0, 1.0, 1.0, 1.0, 1.0, 2.3, 1.0, 2.0, 3.5, 1.0, 1.0, 1.0, 0, 1.0, 1.0, 2.0, 0, 1.0, 1.0, 1.3, 2.0, 1.0, 2.0, 1.0, 1.0, 1.5, 1.0, 1.0, 1.0, 1.3, 0, 1.0, 2.0, 0, 2.5, 1.5, 2.0, 2.5, 1.0, 0, 1.0, 1.0, 1.3, 1.0, 1.0, 1.0, 1.7, 1.0, 0, 1.0, 2.0, 1.0, 1.0, 1.3, 2.0, 1.0, 2.0, 1.0, 1.0, 1.0, 1.0, 0, 2.0, 1.0, 1.0, 1.0, 2.0, 1.0, 1.5, 2.0, 1.5, 1.0, 2.5, 1.0, 0, 1.5, 2.0, 2.0, 1.5, 0, 2.0, 2.0, 1.0, 0, 1.0, 1.5, 1.0, 1.0, 1.2, 1.5, 1.0, 1.0, 1.0, 1.0, 2.0, 1.0, 1.5, 1.0, 1.0, 3.0, 1.0, 2.0, 1.0, 3.0, 1.5, 1.0, 1.0, 1.5, 1.5, 1.0, 1.0, 1.3, 1.3, 2.0, 2.0, 1.0, 1.0, 1.0, 1.7, 1.0, 1.0, 1.0, 2.0, 1.7, 1.0, 1.5, 1.0, 1.7, 1.0, 0, 2.0, 1.0, 1.5, 1.0, 0, 0, 2.0, 2.5, 1.0, 2.5, 1.0, 2.0, 1.0, 1.0, 1.5, 1.0, 1.0, 1.0, 1.0, 1.3, 1.3]
Max AvgDistAboveWUQ: 4.0, Median AvgDistAboveWUQ: 1.0

-----------------------------------------------------------------------------------------

---------------------------------------GREEDY-----------------------------------------
WLQo provided in 14.5% of the instances.
WLQ_X provided in 13.9% of the instances.
WLQ-X-r provided in 100.0% of the instances.
WLQ_1 provided in 100.0% of the instances.
WUQo provided in 8.8% of the instances.
WUQ_X provided in 100.0% of the instances.
WUQ_1 provided in 100.0% of the instances.
WEFX provided in 17.9% of the instances.
WEF1 provided in 98.5% of the instances.
AvgDistToWQ: [0.8, 0.6, 0.9, 1.0, 1.1, 1.2, 0.9, 0.8, 1.3, 0.9, 1.6, 0.9, 0.8, 1.5, 1.2, 1.7, 1.3, 1.0, 1.1, 1.0, 1.0, 1.6, 1.6, 1.3, 1.1, 0.6, 1.4, 0.8, 1.5, 1.6, 0.8, 1.0, 0.8, 0.6, 0.9, 1.6, 1.4, 0.9, 0.9, 0.7, 1.3, 0.6, 1.6, 1.2, 1.4, 0.6, 1.6, 1.2, 0.6, 1.2, 1.4, 0.6, 0.8, 0.7, 0.8, 0.5, 0.4, 1.5, 0.7, 0.7, 1.0, 0.8, 1.2, 0.9, 0.9, 0.8, 0.4, 1.2, 0.8, 1.4, 1.1, 0.9, 0.8, 1.0, 0.7, 1.2, 0.7, 0.8, 0.8, 0.7, 0.7, 0.7, 0.6, 0.6, 0.9, 1.6, 1.1, 0.9, 1.5, 0.8, 1.0, 1.2, 1.0, 1.8, 0.7, 1.6, 0.7, 0.8, 1.1, 0.7, 0.7, 0.6, 0.6, 0.4, 0.7, 1.1, 0.6, 1.3, 0.4, 0.4, 1.7, 1.0, 0.6, 1.4, 1.0, 1.2, 0.9, 1.2, 1.1, 1.3, 1.0, 1.1, 1.5, 1.2, 0.7, 1.5, 0.9, 0.8, 0.6, 0.8, 1.2, 0.9, 0.8, 0.4, 0.6, 0.8, 1.3, 0.3, 1.2, 1.7, 1.9, 0.4, 1.0, 0.5, 0.5, 0.4, 1.0, 0.9, 0.7, 1.1, 0.9, 0.6, 1.2, 0.9, 1.3, 0.5, 0.5, 0.5, 0.5, 0.8, 0.8, 0.7, 0.5, 1.0, 1.2, 0.7, 1.1, 1.0, 0.6, 0.7, 1.3, 0.6, 0.8, 0.5, 1.4, 1.1, 0.7, 0.6, 1.4, 0.7, 1.3, 0.7, 1.0, 0.4, 1.8, 0.4, 1.6, 0.7, 0.9, 1.0, 0.9, 1.0, 0.8, 1.3, 0.7, 0.7, 0.6, 0.8, 1.4, 1.2, 0.5, 1.7, 1.0, 0.6, 1.2, 0.8, 1.4, 0.6, 0.9, 1.1, 0.7, 0.9, 0.8, 1.2, 0.9, 1.2, 1.4, 1.3, 1.1, 1.3, 1.8, 1.2, 1.0, 0.7, 1.2, 0.3, 0.4, 1.6, 0.5, 1.5, 0.7, 1.3, 1.6, 0.5, 1.3, 0.6, 0.8, 0.8, 0.3, 1.1, 1.1, 0.8, 0.8, 1.2, 1.0, 1.2, 0.5, 1.1, 1.0, 1.4, 0.5, 1.2, 0.6, 1.0, 1.0, 0.7, 1.5, 0.7, 0.8, 1.3, 1.9, 0.7, 0.8, 1.0, 1.3, 0.5, 0.8, 0.5, 0.8, 1.4, 0.8, 0.5, 0.7, 1.5, 0.9, 1.1, 0.7, 1.0, 0.6, 0.5, 1.1, 0.9, 0.6, 1.3, 1.2, 1.0, 0.9, 0.7, 1.3, 0.7, 0.9, 0.5, 1.0, 1.2, 0.7, 0.9, 0.7, 0.9, 0.8, 1.7, 1.2, 1.0, 1.3, 1.2, 1.3, 1.0, 1.0, 1.0, 0.4, 1.8, 1.0, 0.6, 0.7, 1.4, 0.8, 0.8, 0.8, 1.5, 1.2, 1.0, 0.9, 1.2, 0.7, 0.5, 1.3, 1.1, 1.7, 1.1, 1.1, 1.1, 1.6, 1.0, 0.8, 0.5, 0.9, 1.0, 0.9, 1.4, 0.5, 0.9, 1.8, 0.8, 1.4, 0.8, 1.3, 1.2, 1.2, 1.8, 1.2, 1.0, 1.0, 0.7, 1.4, 1.3, 0.8, 0.8, 0.6, 0.7, 1.1, 0.6, 1.2, 1.5, 0.6, 0.9, 1.2, 1.2, 1.6, 1.1, 1.3, 0.7, 0.9, 0.5, 1.3, 0.7, 0.6, 1.9, 0.4, 0.7, 0.9, 0.5, 0.7, 0.6, 0.9, 1.0, 0.6, 0.9, 1.0, 1.1, 0.8, 1.3, 0.8, 1.0, 0.9, 1.5, 1.8, 0.8, 0.6, 1.3, 0.9, 1.5, 1.3, 1.0, 1.0, 1.3, 1.7, 0.7, 1.1, 1.1, 1.6, 0.8, 1.3, 1.8, 1.3, 0.8, 0.6, 0.5, 1.2, 1.4, 0.9, 0.8, 0.9, 1.6, 0.7, 1.1, 0.8, 1.6, 1.2, 0.4, 0.7, 0.9, 1.5, 1.4, 0.7, 0.9, 0.7, 1.6, 1.1, 0.7, 0.8, 0.3, 0.4, 0.9, 1.1, 0.8, 1.5, 0.9, 1.5, 0.5, 0.4, 1.4, 0.8, 0.9, 1.1, 0.7, 1.1, 0.8, 1.6, 0.9, 0.7, 0.6, 0.7, 1.1, 0.8, 0.9, 0.6, 1.3, 0.7, 1.0, 0.4, 1.8, 1.6, 0.5, 0.7, 0.7, 0.7, 0.7, 0.7, 1.0, 0.5, 1.5, 0.8, 1.3, 1.0, 1.1, 0.7, 1.7, 0.6, 1.2, 0.5, 1.2, 1.5, 1.4, 0.4, 0.9, 1.1, 1.1, 1.0, 0.5, 1.0, 0.7, 1.0, 1.3, 0.6, 1.4, 1.2, 0.6, 0.7, 0.9, 1.1, 0.6, 1.4, 0.7, 1.3, 1.2, 1.0, 0.7, 0.9, 0.9, 0.8, 0.9, 1.3, 1.8, 0.5, 1.3, 1.2, 0.9, 0.8, 1.2, 0.9, 0.8, 1.2, 1.1, 0.6, 0.6, 0.9, 0.5, 1.0, 1.2, 1.9, 0.6, 1.5, 1.2, 0.7, 0.8, 0.9, 0.8, 1.5, 1.2, 0.5, 0.7, 0.7, 0.3, 1.5, 1.3, 0.4, 0.5, 0.5, 0.9, 1.0, 1.8, 0.4, 1.1, 0.4, 1.4, 0.6, 0.8, 0.5, 0.8, 1.0, 1.8, 1.1, 0.3, 1.0, 0.9, 1.2, 1.1, 1.1, 0.6, 0.8, 1.3, 1.3, 0.9, 1.3, 1.4, 1.4, 0.4, 1.0, 0.7, 1.3, 0.7, 0.6, 1.5, 0.9, 0.5, 1.4, 1.5, 0.7, 1.0, 1.2, 0.4, 0.8, 0.7, 1.4, 0.4, 0.5, 0.7, 1.8, 1.1, 0.7, 0.8, 0.8, 1.0, 1.4, 0.5, 0.9, 0.6, 0.9, 0.8, 0.9, 1.0, 0.6, 0.9, 0.9, 0.7, 1.0, 1.5, 0.7, 1.0, 1.1, 1.1, 0.9, 0.6, 1.2, 1.7, 1.0, 0.6, 1.5, 1.9, 1.6, 1.0, 1.3, 1.1, 0.9, 1.0, 0.7, 0.6, 0.8, 0.9, 1.6, 0.5, 1.6, 1.8, 1.0, 0.6, 1.6, 0.9, 0.7, 0.7, 0.9, 1.2, 0.7, 1.4, 0.7, 1.0, 0.8, 0.8, 0.5, 0.7, 1.1, 1.2, 1.4, 0.5, 0.9, 1.0, 0.7, 0.9, 1.5, 0.6, 1.6, 0.9, 0.5, 0.5, 0.5, 1.6, 0.7, 1.6, 0.9, 1.1, 1.7, 1.0, 1.4, 0.8, 1.4, 0.6, 1.0, 1.3, 1.1, 1.0, 0.7, 0.8, 2.1, 1.5, 0.6, 0.9, 0.5, 1.2, 0.6, 0.7, 0.7, 1.4, 1.3, 1.6, 0.7, 1.4, 1.0, 0.8, 1.0, 0.4, 1.0, 1.0, 0.8, 0.7, 0.8, 0.7, 0.8, 0.7, 0.6, 0.7, 1.5, 0.6, 0.9, 0.4, 1.2, 0.5, 1.2, 0.6, 0.8, 1.0, 1.0, 1.5, 1.4, 1.2, 0.9, 0.6, 1.2, 1.4, 1.0, 1.5, 0.5, 1.1, 0.8, 1.9, 0.5, 0.9, 0.8, 1.2, 1.0, 0.7, 0.7, 2.0, 1.5, 1.0, 1.3, 0.4, 0.8, 0.9, 1.2, 1.4, 1.3, 1.2, 1.6, 0.8, 1.1, 0.7, 0.9, 1.0, 0.3, 1.5, 1.0, 1.1, 0.9, 1.3, 0.6, 0.9, 1.3, 0.7, 0.6, 1.0, 1.3, 1.2, 0.8, 0.6, 2.1, 1.4, 1.0, 1.0, 1.6, 0.8, 1.3, 0.5, 1.0, 0.7, 0.7, 1.1, 1.5, 0.5, 1.3, 0.9, 0.8, 1.0, 0.8, 0.9, 0.7, 0.8, 1.1, 1.6, 0.6, 0.5, 0.6, 1.2, 0.7, 1.1, 1.0, 0.8, 1.7, 1.7, 1.1, 0.7, 0.7, 0.7, 0.9, 0.7, 0.5, 1.6, 1.7, 0.9, 0.4, 0.8, 0.5, 1.2, 1.2, 0.9, 1.0, 0.7, 1.1, 0.5, 0.7, 0.6, 1.3, 0.6, 1.6, 0.6, 0.6, 1.1, 0.5, 0.7, 0.7, 0.7, 1.3, 0.7, 0.6, 0.8, 1.5, 0.8, 1.3, 0.4, 0.4, 1.0, 0.7, 1.2, 1.6, 0.6, 0.8, 0.9, 0.6, 1.5, 0.5, 0.7, 1.6, 1.0, 1.5, 0.9, 0.9, 0.9, 0.8, 1.7, 0.7, 1.0, 0.5, 0.9, 0.9, 1.9, 1.3, 0.6, 1.3, 0.5, 0.9, 1.2, 0.8, 0.5, 0.6, 1.7, 0.6, 1.0, 1.0, 0.7, 0.9, 0.6, 0.9, 1.2, 1.3, 1.5, 0.9, 0.7, 0.6, 0.7, 0.6, 0.8, 1.5, 1.1, 0.6, 0.6, 0.3, 0.5, 0.5, 1.0, 1.1, 0.5, 0.9, 0.7, 0.7, 0.7, 0.5, 0.4, 0.7, 1.5, 0.7, 0.6, 0.8, 0.9, 1.5, 0.7, 0.9, 1.2, 1.1, 0.8, 1.2, 1.4, 0.5, 1.3, 0.7, 0.6, 0.6, 0.9, 0.5, 1.7, 0.8, 0.9, 0.7, 1.0, 0.9, 1.6, 0.9, 0.9, 0.8, 1.0, 0.7, 0.4, 1.8, 0.7, 1.0, 1.4, 1.2, 1.7, 1.4, 1.2, 0.9, 0.9, 0.5, 0.6, 0.7, 0.5, 1.0, 1.3, 0.9, 0.6, 1.1, 1.2, 1.0, 0.6, 1.1, 0.7, 1.2, 0.9, 0.8, 1.9, 0.9, 1.1, 0.9, 0.7]
Max AvgDistToWQ: 2.1, Median AvgDistToWQ: 0.9
AvgDistBelowWLQ: [1.0, 1.0, 1.0, 1.0, 1.0, 1.0, 1.0, 1.0, 2.0, 1.0, 1.3, 1.0, 1.0, 1.5, 1.0, 2.0, 1.0, 1.0, 1.0, 1.0, 1.0, 1.5, 2.0, 1.3, 1.0, 0, 1.2, 1.0, 1.2, 1.5, 1.0, 1.3, 1.0, 0, 0, 1.5, 1.0, 1.0, 1.0, 1.0, 1.0, 1.0, 1.7, 1.3, 1.0, 0, 1.8, 1.0, 1.0, 1.0, 1.3, 0, 1.0, 1.0, 1.0, 0, 0, 1.7, 1.0, 1.0, 1.0, 1.0, 1.0, 1.5, 1.0, 1.0, 0, 1.0, 1.0, 1.3, 1.0, 1.0, 1.0, 1.0, 1.0, 1.3, 0, 1.0, 1.0, 0, 1.0, 1.0, 1.0, 1.0, 1.0, 1.7, 1.0, 1.0, 1.0, 1.0, 1.0, 1.0, 1.0, 1.8, 1.0, 2.0, 1.0, 1.0, 1.0, 1.0, 1.0, 1.0, 0, 0, 0, 1.0, 1.0, 1.0, 0, 0, 1.5, 1.0, 1.0, 1.7, 1.0, 1.0, 1.0, 1.3, 1.3, 1.7, 1.0, 1.0, 1.7, 1.0, 1.0, 1.5, 1.0, 1.0, 0, 1.0, 1.0, 1.0, 1.0, 0, 0, 1.0, 1.0, 0, 1.0, 1.8, 1.8, 0, 1.0, 0, 0, 0, 1.0, 1.0, 1.0, 1.0, 1.0, 1.0, 1.0, 1.0, 1.0, 0, 0, 0, 1.0, 1.0, 1.0, 1.0, 1.0, 1.0, 1.0, 1.0, 1.0, 1.0, 1.0, 0, 1.0, 1.0, 1.0, 1.0, 1.0, 1.0, 1.0, 0, 1.0, 1.0, 1.3, 1.0, 1.0, 0, 1.5, 0, 1.7, 1.0, 1.0, 1.0, 1.0, 1.0, 1.0, 1.0, 1.0, 1.0, 0, 1.0, 1.2, 1.0, 0, 1.5, 1.0, 0, 1.5, 1.0, 1.0, 0, 1.0, 1.0, 0, 1.0, 1.0, 1.0, 1.0, 1.0, 1.2, 1.3, 1.0, 1.7, 1.8, 1.5, 1.0, 1.0, 1.0, 0, 0, 1.7, 0, 1.5, 1.0, 1.5, 1.7, 0, 1.0, 1.0, 1.0, 1.0, 0, 1.0, 1.0, 1.0, 1.0, 1.0, 1.0, 1.5, 0, 1.0, 1.0, 1.7, 1.0, 1.0, 0, 1.0, 1.5, 1.0, 1.2, 1.0, 1.0, 1.0, 1.8, 1.0, 1.0, 1.0, 1.3, 0, 1.0, 0, 1.0, 1.5, 1.0, 0, 1.0, 1.7, 1.0, 1.0, 0, 1.0, 0, 0, 1.0, 1.0, 1.0, 1.3, 1.3, 1.0, 1.0, 1.0, 1.3, 1.0, 1.0, 0, 1.0, 1.0, 1.0, 1.0, 1.0, 1.0, 1.0, 1.8, 1.3, 1.0, 1.0, 1.3, 1.0, 1.0, 1.0, 1.0, 1.0, 1.8, 1.0, 1.0, 1.0, 1.0, 1.0, 1.0, 1.0, 1.7, 1.0, 1.0, 1.0, 1.0, 1.0, 0, 1.3, 1.3, 1.7, 1.0, 1.0, 1.0, 1.2, 1.0, 1.0, 1.0, 1.0, 1.0, 1.0, 1.0, 1.0, 1.0, 1.8, 0, 1.7, 1.0, 1.0, 1.0, 1.0, 1.5, 1.0, 1.0, 1.0, 1.0, 1.0, 1.3, 1.0, 1.0, 0, 1.0, 1.0, 1.0, 1.0, 1.2, 0, 1.0, 1.0, 1.0, 1.2, 1.0, 1.0, 1.0, 1.0, 1.0, 1.3, 1.0, 0, 1.8, 0, 1.0, 1.5, 1.0, 1.0, 0, 1.0, 1.0, 0, 1.5, 1.0, 1.0, 0, 1.0, 1.0, 1.0, 1.0, 1.7, 1.8, 1.0, 1.0, 1.0, 1.0, 1.3, 1.0, 1.0, 1.0, 1.0, 1.7, 1.0, 1.0, 1.0, 1.5, 0, 1.7, 1.5, 1.3, 1.0, 0, 1.0, 1.0, 1.5, 1.0, 1.0, 1.0, 1.0, 0, 1.0, 1.0, 1.2, 1.0, 1.0, 0, 1.0, 1.5, 1.3, 1.0, 1.0, 0, 1.5, 1.0, 1.0, 1.0, 0, 0, 1.0, 1.0, 1.0, 1.2, 1.0, 1.7, 0, 0, 1.5, 1.0, 1.0, 1.0, 0, 1.0, 1.0, 1.7, 1.0, 1.0, 1.0, 1.0, 1.0, 1.0, 1.0, 1.0, 1.3, 1.0, 1.0, 1.0, 1.8, 1.0, 0, 1.0, 1.0, 1.0, 1.0, 1.0, 1.5, 1.0, 1.2, 1.0, 1.3, 1.0, 1.0, 1.0, 1.5, 1.0, 1.3, 0, 1.0, 1.2, 1.5, 0, 1.0, 1.0, 1.0, 1.0, 0, 1.0, 1.0, 1.0, 1.3, 1.0, 1.3, 1.0, 0, 0, 1.0, 1.0, 1.0, 1.2, 0, 1.0, 1.0, 1.0, 1.0, 1.0, 1.0, 1.0, 1.0, 1.3, 1.8, 0, 1.0, 1.0, 1.0, 1.0, 1.0, 1.0, 1.0, 1.3, 1.0, 1.0, 1.0, 1.0, 0, 1.0, 1.0, 1.8, 1.0, 1.3, 1.0, 1.0, 1.0, 1.5, 1.0, 1.7, 1.3, 0, 1.0, 1.0, 0, 1.7, 1.0, 0, 0, 1.0, 1.0, 1.0, 1.5, 0, 1.3, 0, 1.2, 1.0, 1.0, 1.0, 0, 1.0, 1.5, 1.0, 0, 1.0, 1.0, 1.2, 1.5, 1.0, 1.0, 1.0, 1.0, 1.7, 1.5, 1.3, 1.7, 1.3, 0, 1.5, 1.0, 1.3, 1.0, 1.0, 1.2, 1.0, 1.0, 1.3, 1.3, 1.0, 1.0, 1.3, 0, 1.0, 1.0, 1.7, 0, 0, 1.0, 1.8, 1.0, 1.0, 1.0, 1.0, 1.0, 1.2, 1.0, 1.0, 1.0, 1.3, 1.0, 1.0, 1.5, 1.0, 1.0, 1.0, 1.0, 1.0, 1.3, 1.0, 1.0, 1.3, 1.3, 1.0, 1.0, 1.3, 1.2, 1.0, 0, 1.7, 2.0, 1.2, 1.0, 1.7, 1.3, 1.0, 1.0, 1.0, 1.0, 1.0, 1.0, 1.5, 1.0, 1.7, 1.8, 1.0, 0, 1.5, 1.0, 1.0, 1.0, 1.0, 1.0, 1.0, 1.3, 1.0, 1.0, 1.0, 1.0, 0, 1.0, 1.0, 1.0, 1.0, 0, 1.0, 1.5, 0, 1.0, 1.2, 1.0, 1.8, 1.0, 1.0, 1.0, 0, 1.2, 0, 1.2, 1.0, 1.0, 2.0, 1.0, 1.0, 1.0, 1.0, 0, 2.0, 1.0, 1.0, 1.0, 1.0, 1.0, 2.0, 1.2, 0, 1.0, 0, 1.3, 0, 0, 1.0, 1.2, 1.0, 1.7, 1.0, 1.0, 1.0, 1.0, 1.0, 0, 1.0, 1.0, 1.0, 1.0, 1.0, 1.0, 1.0, 0, 1.0, 0, 1.3, 0, 1.0, 0, 1.0, 1.0, 1.0, 0, 1.0, 1.0, 1.0, 1.2, 1.7, 1.0, 1.0, 1.0, 1.3, 1.3, 1.0, 1.2, 0, 1.0, 1.0, 1.8, 0, 1.0, 1.0, 1.0, 1.0, 1.0, 1.0, 2.3, 1.3, 1.0, 1.0, 0, 1.0, 1.0, 1.0, 1.5, 1.0, 1.3, 1.2, 1.0, 1.0, 1.0, 1.0, 1.0, 0, 1.0, 1.0, 1.0, 1.0, 1.0, 0, 0, 1.0, 1.0, 1.0, 1.0, 1.0, 1.0, 1.0, 0, 2.2, 1.2, 1.0, 1.0, 1.7, 1.0, 1.0, 0, 1.0, 1.0, 1.0, 1.0, 1.2, 0, 1.0, 1.0, 1.0, 1.0, 1.0, 1.0, 0, 1.0, 1.0, 1.2, 1.0, 1.0, 1.0, 1.0, 1.0, 1.0, 1.0, 1.0, 1.5, 1.5, 1.0, 1.0, 0, 1.0, 1.0, 1.0, 1.0, 1.5, 1.8, 1.0, 0, 0, 0, 1.3, 1.0, 1.0, 1.0, 1.0, 1.0, 1.0, 1.0, 1.0, 1.3, 1.0, 1.0, 0, 1.0, 1.0, 1.0, 0, 1.0, 1.0, 1.0, 0, 1.0, 1.0, 1.7, 1.0, 1.0, 0, 1.0, 1.0, 0, 1.0, 1.5, 1.0, 0, 1.0, 1.0, 1.3, 0, 1.0, 1.2, 1.0, 1.2, 1.0, 0, 1.0, 1.0, 1.5, 1.0, 1.0, 1.0, 1.0, 1.0, 1.8, 1.0, 1.0, 1.2, 0, 1.0, 1.0, 1.0, 0, 1.0, 1.8, 0, 1.0, 1.0, 0, 1.0, 1.0, 1.0, 1.3, 1.7, 1.3, 1.0, 1.0, 1.0, 1.0, 1.0, 1.0, 1.2, 1.0, 1.0, 0, 0, 0, 1.0, 1.0, 1.0, 0, 1.0, 1.0, 1.0, 1.0, 0, 1.0, 0, 1.3, 1.0, 0, 1.0, 1.0, 1.0, 1.0, 1.0, 1.5, 1.3, 1.0, 1.5, 1.5, 1.0, 1.3, 1.0, 1.0, 1.0, 1.0, 1.0, 1.5, 1.0, 1.0, 1.0, 1.0, 1.0, 1.3, 1.0, 1.0, 1.0, 1.0, 1.0, 0, 1.8, 0, 1.0, 1.7, 1.0, 1.5, 1.3, 1.5, 1.0, 1.0, 1.0, 0, 1.0, 0, 1.0, 1.2, 1.0, 1.0, 1.0, 1.0, 1.0, 0, 1.3, 1.0, 1.0, 1.0, 1.0, 1.8, 1.0, 1.0, 1.0, 1.0]
Max AvgDistBelowWLQ: 2.3, Median AvgDistBelowWLQ: 1.0
AvgDistAboveWUQ: [1.0, 0, 1.0, 1.5, 1.0, 1.7, 1.0, 1.0, 1.0, 1.0, 1.7, 1.0, 1.0, 2.0, 1.3, 1.8, 1.3, 1.0, 1.0, 1.5, 1.5, 1.5, 1.2, 1.7, 1.3, 1.0, 1.3, 1.0, 1.5, 2.0, 1.0, 1.0, 1.0, 0, 1.5, 2.0, 1.7, 1.0, 1.0, 0, 1.7, 1.0, 2.0, 1.0, 1.7, 1.0, 1.7, 1.3, 1.0, 1.3, 1.3, 1.0, 1.0, 1.0, 1.0, 1.0, 0, 1.2, 1.0, 1.0, 1.3, 1.0, 1.7, 1.0, 1.0, 1.0, 0, 1.0, 1.0, 1.3, 1.0, 1.0, 1.0, 1.0, 0, 1.7, 1.0, 1.0, 1.0, 1.0, 1.0, 1.0, 1.0, 1.0, 1.0, 1.5, 1.0, 1.0, 1.5, 1.5, 1.5, 1.0, 1.5, 1.5, 1.0, 1.2, 1.0, 1.0, 1.3, 1.0, 1.0, 1.0, 1.0, 1.0, 1.0, 1.0, 1.0, 1.3, 0, 0, 2.0, 1.3, 1.0, 1.7, 1.5, 1.0, 1.0, 1.0, 1.0, 1.7, 1.0, 1.3, 1.2, 1.3, 1.0, 1.7, 1.5, 1.0, 1.0, 1.0, 1.7, 1.0, 1.0, 1.0, 1.0, 1.0, 1.3, 0, 1.3, 1.5, 1.8, 0, 1.3, 1.0, 1.0, 1.0, 1.0, 1.0, 1.0, 1.3, 1.5, 1.0, 1.3, 1.0, 1.3, 1.0, 1.0, 0, 1.0, 1.0, 1.0, 1.0, 0, 1.5, 1.3, 1.0, 1.3, 1.5, 1.0, 1.0, 1.7, 1.0, 1.0, 1.0, 1.7, 1.0, 1.0, 1.0, 1.7, 1.0, 1.3, 1.0, 1.0, 1.0, 1.5, 1.0, 1.7, 1.0, 1.0, 1.5, 1.5, 1.0, 1.0, 2.0, 0, 1.0, 1.0, 1.0, 1.2, 1.3, 1.0, 2.0, 1.0, 1.0, 1.7, 1.0, 1.7, 1.0, 1.0, 1.5, 0, 1.0, 1.0, 1.3, 1.5, 1.3, 1.0, 1.7, 1.0, 1.3, 1.5, 1.5, 1.5, 1.0, 1.3, 0, 1.0, 2.0, 1.0, 1.5, 1.0, 1.3, 1.5, 0, 1.2, 1.0, 1.0, 1.0, 0, 1.0, 1.3, 1.0, 1.0, 1.3, 1.0, 1.0, 0, 1.0, 1.0, 1.3, 0, 1.3, 1.0, 1.3, 1.0, 1.0, 1.7, 1.0, 1.0, 1.7, 2.0, 1.0, 1.0, 1.5, 1.3, 1.0, 1.0, 0, 1.0, 1.0, 1.0, 0, 1.0, 1.7, 1.5, 1.3, 1.0, 1.5, 1.0, 0, 1.3, 1.0, 1.0, 1.0, 1.3, 1.0, 1.0, 1.0, 1.7, 1.0, 1.0, 1.0, 1.0, 1.3, 1.0, 1.0, 1.0, 1.0, 1.0, 2.0, 1.3, 1.5, 1.3, 1.0, 1.0, 1.5, 1.0, 1.5, 0, 1.8, 1.5, 1.0, 1.0, 1.3, 1.0, 1.0, 1.0, 1.2, 1.0, 1.3, 1.0, 1.0, 1.0, 0, 1.7, 1.5, 2.0, 1.3, 1.3, 1.5, 1.2, 1.5, 1.0, 0, 1.5, 1.5, 1.0, 2.0, 0, 1.0, 1.8, 1.5, 1.3, 1.0, 1.0, 1.3, 1.3, 1.8, 1.3, 1.0, 1.5, 1.0, 1.7, 1.3, 1.0, 1.0, 1.0, 1.0, 1.3, 1.0, 1.0, 1.7, 1.0, 1.0, 1.3, 1.0, 2.0, 1.0, 1.0, 1.0, 1.5, 1.0, 2.0, 1.0, 0, 2.0, 1.0, 1.0, 1.0, 1.0, 0, 1.0, 1.5, 1.0, 0, 1.0, 1.0, 1.3, 1.5, 1.7, 1.0, 1.5, 1.0, 1.2, 1.8, 1.0, 1.0, 1.3, 1.5, 1.3, 1.3, 1.0, 1.5, 1.3, 1.5, 1.0, 1.5, 1.3, 2.0, 1.0, 1.2, 2.0, 1.3, 1.0, 1.0, 1.0, 1.3, 1.7, 1.0, 1.0, 1.5, 1.7, 1.0, 1.3, 1.0, 1.7, 1.3, 1.0, 1.0, 1.0, 1.5, 1.7, 1.0, 1.0, 1.0, 1.7, 1.5, 1.0, 1.0, 0, 0, 1.0, 1.5, 1.0, 1.2, 1.0, 1.5, 0, 0, 1.8, 1.0, 1.5, 1.0, 1.0, 1.3, 1.0, 2.0, 1.5, 1.0, 1.0, 1.0, 1.5, 1.0, 1.0, 1.0, 1.3, 1.0, 1.5, 0, 1.8, 2.0, 1.0, 1.0, 1.0, 1.0, 1.0, 1.0, 1.5, 0, 2.0, 1.0, 1.3, 1.5, 1.3, 1.0, 2.0, 1.0, 1.3, 0, 1.3, 1.7, 1.7, 0, 1.0, 1.0, 1.3, 1.3, 0, 1.0, 1.0, 1.5, 1.3, 1.0, 1.7, 1.2, 0, 1.0, 1.0, 1.3, 1.0, 1.2, 1.0, 1.7, 1.3, 1.5, 1.0, 1.0, 1.0, 1.0, 1.5, 1.0, 2.0, 1.0, 1.0, 1.7, 1.0, 1.0, 1.5, 1.0, 1.0, 1.5, 1.0, 1.0, 1.0, 1.0, 1.0, 1.0, 1.3, 1.8, 1.0, 1.7, 1.3, 1.0, 1.0, 1.0, 1.5, 1.7, 1.0, 1.0, 1.0, 1.0, 1.0, 1.2, 1.3, 0, 1.0, 1.0, 1.5, 1.0, 2.0, 0, 1.3, 0, 1.7, 1.0, 1.5, 0, 1.0, 1.0, 1.8, 1.5, 1.0, 1.5, 1.0, 1.0, 1.3, 1.5, 1.0, 1.0, 1.3, 1.0, 1.0, 1.3, 1.2, 1.7, 0, 1.3, 1.0, 1.7, 1.0, 1.0, 1.5, 1.3, 1.0, 1.3, 1.7, 1.0, 1.0, 1.0, 0, 1.0, 1.0, 1.2, 1.0, 0, 1.0, 1.8, 1.3, 1.0, 1.0, 1.0, 1.5, 1.0, 0, 1.0, 0, 1.0, 1.0, 1.0, 1.0, 1.0, 1.5, 1.5, 1.0, 1.0, 1.2, 1.0, 1.5, 1.0, 1.0, 1.0, 1.0, 1.3, 1.8, 1.5, 1.0, 1.7, 2.0, 1.5, 1.0, 1.3, 1.0, 1.5, 1.0, 1.0, 0, 1.0, 1.0, 2.0, 0, 1.7, 1.8, 1.5, 1.0, 2.0, 1.5, 1.0, 1.0, 1.5, 1.3, 1.0, 1.3, 1.0, 1.3, 1.0, 1.0, 0, 1.0, 1.5, 1.3, 2.0, 0, 1.5, 1.0, 1.0, 1.5, 1.3, 0, 1.7, 1.0, 0, 0, 1.0, 1.7, 1.0, 2.0, 1.0, 1.5, 1.2, 1.3, 2.0, 1.5, 1.7, 1.0, 1.3, 1.7, 1.3, 1.0, 1.0, 1.0, 2.0, 1.7, 1.0, 1.0, 1.0, 1.3, 1.0, 1.0, 1.0, 1.7, 1.5, 1.5, 1.0, 1.7, 1.0, 1.0, 1.0, 0, 1.5, 1.0, 1.0, 1.0, 1.0, 1.0, 1.0, 1.0, 0, 1.0, 1.5, 1.0, 1.0, 0, 1.3, 1.0, 1.3, 1.0, 1.0, 1.3, 1.5, 2.0, 1.3, 1.3, 1.0, 1.0, 1.0, 1.7, 1.0, 1.7, 0, 1.5, 1.0, 1.8, 1.0, 1.0, 1.5, 1.3, 1.0, 1.0, 1.0, 2.0, 1.7, 1.5, 1.3, 0, 1.5, 1.0, 1.3, 1.3, 1.3, 1.3, 1.7, 1.0, 1.0, 1.0, 1.0, 1.5, 0, 1.7, 1.0, 1.5, 1.5, 1.2, 1.0, 1.5, 1.2, 1.0, 1.0, 1.0, 1.7, 1.3, 1.0, 1.0, 2.2, 1.3, 1.0, 1.0, 1.5, 1.0, 1.3, 0, 1.5, 0, 1.0, 1.3, 2.0, 0, 1.3, 1.0, 1.0, 1.5, 1.0, 1.0, 1.0, 1.0, 1.0, 1.5, 0, 0, 1.0, 1.0, 1.0, 1.3, 1.5, 1.0, 1.8, 1.5, 1.0, 1.0, 1.0, 1.0, 1.5, 1.0, 0, 1.2, 2.0, 1.0, 0, 1.0, 0, 1.0, 1.3, 1.0, 1.0, 1.0, 1.5, 0, 0, 0, 1.3, 1.0, 2.0, 1.0, 1.0, 1.0, 0, 1.0, 1.0, 1.0, 1.7, 1.0, 1.0, 1.0, 1.7, 1.0, 1.7, 0, 1.0, 1.5, 1.0, 1.7, 1.7, 1.0, 1.0, 1.5, 1.0, 1.2, 0, 1.0, 1.5, 1.0, 1.7, 1.0, 1.5, 1.0, 1.0, 1.5, 1.0, 1.0, 0, 1.0, 1.0, 1.8, 1.3, 1.0, 1.3, 1.0, 1.5, 1.7, 1.0, 1.0, 0, 1.8, 1.0, 1.0, 1.0, 1.0, 1.0, 1.0, 1.0, 1.0, 1.3, 1.7, 1.0, 1.0, 1.0, 1.0, 1.0, 1.0, 1.7, 1.0, 0, 1.0, 0, 0, 1.0, 1.0, 1.3, 1.0, 1.0, 1.0, 1.0, 1.0, 0, 0, 1.0, 1.5, 1.0, 1.0, 1.0, 1.0, 2.0, 1.0, 1.0, 1.0, 1.5, 1.0, 1.0, 1.7, 1.0, 1.2, 1.0, 1.0, 1.0, 1.5, 0, 1.8, 1.0, 1.5, 1.0, 1.0, 1.3, 2.0, 1.5, 1.0, 1.0, 1.0, 1.0, 0, 2.0, 1.0, 1.5, 1.7, 1.3, 1.5, 1.2, 1.3, 1.0, 1.0, 0, 0, 1.0, 0, 1.0, 1.7, 1.0, 0, 1.3, 1.7, 1.0, 1.0, 1.0, 1.0, 1.3, 1.5, 1.0, 1.5, 1.0, 1.5, 1.5, 1.0]
Max AvgDistAboveWUQ: 2.2, Median AvgDistAboveWUQ: 1.0

-----------------------------------------------------------------------------------------

