Synthetic results for the following seat assignments: Adams, D'Hondt, Greedy Method.

Number of elections: 1000| Number of parties: 10| Number of seats: 100

---------------------------------------ADAMS-----------------------------------------
WLQo provided in 0.0% of the instances.
WLQ_X provided in 0.8% of the instances.
WLQ-X-r provided in 73.6% of the instances.
WLQ_1 provided in 100.0% of the instances.
WUQo provided in 0.0% of the instances.
WUQ_X provided in 100.0% of the instances.
WUQ_1 provided in 100.0% of the instances.
WEFX provided in 100.0% of the instances.
WEF1 provided in 100.0% of the instances.
AvgDistToWQ: [79.8, 67.6, 104.7, 84.1, 35.6, 88.3, 71.3, 36.9, 27.8, 176.1, 26.3, 49.1, 63.0, 156.3, 176.1, 37.1, 19.5, 117.6, 56.0, 156.0, 29.6, 63.6, 111.4, 20.9, 33.7, 457.4, 31.3, 21.9, 264.3, 25.8, 78.0, 38.2, 36.3, 259.4, 245.6, 56.9, 16.3, 91.6, 25.5, 169.6, 28.6, 219.4, 147.5, 12.5, 33.0, 167.6, 91.6, 139.7, 117.8, 67.1, 64.4, 52.3, 28.8, 13.2, 17.2, 59.1, 24.7, 119.6, 24.7, 258.1, 68.8, 35.3, 83.4, 204.4, 190.6, 9.4, 15.1, 20.7, 257.1, 41.0, 106.7, 148.0, 59.2, 57.3, 39.1, 78.2, 44.7, 34.1, 191.7, 42.4, 199.7, 26.3, 75.3, 56.9, 98.5, 157.1, 50.0, 76.6, 21.0, 81.5, 186.1, 148.8, 59.3, 159.3, 43.7, 145.4, 106.5, 62.1, 127.0, 21.3, 64.9, 50.8, 4.0, 26.7, 56.9, 31.4, 41.0, 40.2, 26.4, 24.6, 77.5, 22.9, 165.6, 40.8, 22.5, 14.3, 313.4, 140.8, 35.5, 9.8, 33.7, 13.8, 159.6, 45.3, 15.8, 76.5, 50.6, 137.0, 173.1, 187.1, 40.8, 159.9, 44.4, 21.6, 106.4, 124.8, 28.7, 62.2, 74.6, 21.6, 83.8, 21.2, 119.6, 28.3, 32.7, 27.8, 15.1, 28.8, 55.8, 41.5, 51.8, 24.8, 32.9, 125.8, 15.0, 31.4, 44.6, 75.0, 93.2, 27.7, 146.7, 315.9, 9.6, 118.0, 19.1, 240.0, 53.1, 41.3, 19.8, 123.0, 46.7, 66.1, 109.6, 79.9, 209.9, 52.5, 161.9, 126.4, 23.6, 74.4, 49.5, 21.5, 28.0, 29.4, 15.7, 139.7, 144.5, 20.1, 218.7, 118.1, 52.2, 131.1, 19.4, 99.4, 27.3, 50.0, 46.4, 21.5, 86.1, 29.7, 173.3, 35.4, 236.3, 78.2, 68.8, 13.4, 20.9, 16.3, 33.5, 55.6, 43.3, 200.0, 192.8, 27.4, 180.0, 158.1, 26.7, 181.9, 288.3, 140.4, 224.6, 123.6, 33.7, 175.3, 237.5, 47.1, 34.3, 14.4, 25.0, 146.4, 72.4, 77.6, 45.2, 24.7, 133.8, 36.7, 173.1, 33.7, 39.0, 149.9, 24.9, 103.9, 62.1, 10.7, 122.7, 167.0, 169.5, 105.7, 39.7, 29.5, 94.8, 7.3, 162.7, 148.4, 106.0, 157.4, 134.2, 176.9, 150.8, 98.9, 55.6, 64.9, 48.8, 119.8, 40.9, 92.3, 146.8, 172.7, 104.1, 209.3, 137.8, 82.2, 153.8, 167.9, 268.2, 139.5, 97.2, 40.9, 34.1, 91.6, 33.1, 78.6, 32.8, 24.3, 34.8, 235.9, 124.7, 40.8, 58.8, 241.4, 72.4, 38.4, 58.4, 80.6, 89.9, 23.8, 45.1, 12.7, 274.5, 22.7, 22.6, 169.4, 166.7, 76.6, 182.2, 50.8, 66.1, 162.8, 48.2, 125.6, 91.4, 169.4, 42.8, 75.2, 115.3, 169.4, 113.4, 37.6, 112.6, 167.2, 17.7, 146.2, 40.4, 38.8, 34.4, 297.8, 45.7, 129.1, 59.5, 31.4, 41.2, 38.3, 30.6, 27.0, 22.1, 23.0, 92.3, 29.9, 184.6, 64.8, 215.4, 19.8, 38.7, 106.6, 167.1, 15.8, 48.0, 22.7, 27.9, 46.8, 101.1, 178.4, 36.9, 26.7, 17.2, 30.0, 18.2, 165.9, 35.8, 56.0, 27.7, 11.2, 177.3, 29.1, 15.6, 115.1, 64.0, 172.0, 118.9, 30.2, 52.4, 43.4, 74.1, 45.5, 191.4, 140.9, 150.0, 23.0, 23.1, 183.5, 13.6, 244.2, 130.8, 17.9, 43.7, 47.2, 64.6, 73.8, 47.6, 39.1, 60.8, 116.9, 63.3, 158.4, 23.3, 13.0, 150.8, 32.4, 185.2, 70.8, 107.2, 28.7, 262.0, 32.4, 165.5, 125.3, 19.6, 33.1, 111.9, 139.1, 257.1, 61.1, 22.7, 196.6, 22.5, 32.3, 24.5, 151.3, 24.1, 56.4, 166.0, 138.9, 82.3, 27.7, 18.1, 168.6, 196.5, 168.2, 239.5, 181.3, 126.2, 73.9, 55.4, 25.8, 104.4, 132.3, 204.2, 214.3, 31.1, 10.6, 61.4, 33.5, 23.8, 36.1, 172.2, 22.2, 144.8, 112.1, 236.4, 125.0, 146.8, 25.7, 42.9, 237.8, 44.0, 41.3, 32.2, 72.3, 201.1, 63.2, 52.1, 103.4, 86.1, 18.7, 94.2, 115.6, 39.8, 46.7, 100.4, 34.1, 209.7, 60.4, 192.0, 18.7, 34.1, 113.5, 141.7, 106.0, 101.5, 49.8, 25.2, 83.4, 173.3, 53.4, 68.9, 40.7, 163.6, 322.5, 21.0, 80.7, 129.5, 82.8, 65.6, 34.9, 17.8, 153.7, 41.1, 225.3, 191.2, 138.7, 156.1, 34.3, 289.6, 254.0, 270.4, 58.2, 204.5, 25.0, 199.4, 58.6, 130.0, 314.9, 136.4, 27.7, 58.3, 133.7, 106.2, 19.4, 31.6, 306.4, 288.7, 93.3, 43.9, 192.1, 114.5, 122.8, 54.7, 35.2, 139.4, 38.0, 35.7, 35.2, 79.5, 106.7, 76.8, 12.6, 147.0, 26.8, 145.1, 77.7, 6.3, 300.6, 37.1, 336.8, 221.4, 72.6, 233.5, 43.3, 32.8, 101.7, 57.2, 53.6, 142.8, 87.2, 55.4, 128.6, 114.7, 57.2, 52.4, 60.0, 164.8, 15.5, 22.1, 72.3, 169.7, 57.2, 47.5, 58.3, 160.8, 84.0, 217.4, 64.2, 138.8, 24.4, 60.9, 39.5, 21.4, 121.4, 194.8, 24.9, 54.7, 152.8, 115.2, 91.8, 176.6, 68.2, 165.6, 22.0, 126.2, 179.4, 55.0, 185.9, 10.6, 146.0, 51.6, 209.1, 89.7, 25.9, 50.3, 55.8, 35.0, 87.5, 194.1, 216.0, 56.7, 29.0, 74.5, 27.3, 27.2, 148.5, 327.9, 215.0, 90.4, 15.1, 23.4, 44.8, 40.3, 53.7, 334.2, 181.7, 22.1, 161.3, 79.8, 150.1, 39.4, 18.6, 64.0, 143.9, 44.1, 225.6, 137.8, 42.2, 77.4, 47.3, 189.0, 25.2, 29.9, 79.4, 145.0, 47.1, 163.0, 69.6, 23.5, 222.9, 56.5, 88.2, 122.0, 68.5, 50.9, 321.3, 105.7, 23.4, 27.7, 72.5, 117.1, 75.2, 46.4, 37.8, 27.7, 38.2, 79.2, 75.3, 187.7, 27.5, 77.2, 27.2, 206.2, 157.4, 146.5, 262.3, 82.3, 24.5, 125.2, 15.3, 38.0, 233.7, 83.2, 22.2, 17.2, 36.8, 238.1, 19.9, 188.3, 38.2, 48.5, 149.1, 76.0, 114.1, 115.4, 164.5, 297.9, 34.8, 84.1, 77.1, 74.8, 79.0, 22.4, 122.1, 134.0, 171.8, 51.3, 23.6, 281.7, 51.0, 38.0, 109.2, 9.7, 50.5, 68.0, 13.9, 195.7, 62.9, 283.3, 60.2, 134.0, 133.4, 28.0, 38.1, 81.6, 99.3, 101.2, 224.5, 288.9, 21.9, 37.3, 122.4, 48.1, 30.3, 24.0, 55.1, 59.0, 25.0, 18.5, 89.9, 105.7, 39.0, 173.5, 12.9, 7.0, 44.9, 57.8, 151.0, 47.8, 229.4, 404.4, 191.4, 40.0, 27.2, 91.9, 32.3, 65.8, 134.1, 28.6, 23.5, 126.0, 128.8, 100.8, 47.0, 5.7, 145.5, 25.7, 112.5, 82.6, 113.0, 130.6, 38.0, 23.0, 74.4, 148.8, 121.4, 29.7, 133.9, 20.6, 164.9, 61.1, 48.6, 197.1, 41.5, 145.2, 133.0, 198.3, 107.3, 49.2, 206.4, 188.3, 164.2, 135.0, 45.8, 50.6, 18.7, 38.2, 168.8, 122.3, 41.3, 57.9, 31.3, 102.9, 178.4, 192.3, 46.4, 249.0, 68.8, 37.6, 67.5, 181.8, 185.4, 153.9, 190.6, 10.1, 76.0, 32.8, 57.6, 95.4, 63.2, 23.9, 41.1, 28.5, 23.8, 121.4, 9.6, 154.2, 27.0, 130.2, 57.8, 232.9, 32.6, 82.9, 86.6, 35.0, 31.9, 21.9, 112.6, 77.5, 156.7, 173.5, 97.0, 185.5, 324.3, 70.2, 145.7, 56.9, 147.4, 45.4, 38.7, 62.6, 159.4, 32.2, 38.1, 84.7, 146.5, 137.6, 57.5, 18.1, 31.3, 60.8, 46.0, 33.8, 56.1, 18.6, 128.2, 45.9, 61.7, 81.7, 107.5, 38.3, 93.0, 140.5, 129.8, 54.3, 35.4, 98.2, 37.2, 47.6, 63.4, 131.6, 54.1, 88.3, 143.6, 238.7, 65.3, 133.3, 178.9, 20.2, 150.2, 94.0, 148.2, 64.6, 82.8, 38.5, 20.0, 158.2, 251.1, 42.5, 28.7, 92.6, 237.9, 113.5, 171.8, 32.0, 42.3, 23.1, 43.5, 65.1, 37.4, 24.0, 42.3, 28.8, 179.1, 180.1, 44.6, 44.2, 131.8, 30.5, 89.8, 7.6, 118.0, 345.4, 41.6, 64.6, 28.5, 29.3, 169.4, 50.7, 39.4, 60.3, 143.0, 75.0, 68.7, 84.0, 91.0, 37.5, 46.3, 108.4, 149.9, 68.2, 31.9, 62.3, 85.2, 66.4, 37.9, 64.2, 51.0, 258.3, 115.2, 125.0, 37.9, 119.5, 80.6, 37.6, 128.5, 245.4, 136.7, 15.2, 140.5, 171.4, 26.8, 55.8, 27.6, 167.3, 19.4, 72.5, 124.7, 69.7, 49.3, 35.8, 43.6, 37.8, 10.4, 32.0, 27.6, 114.0, 159.6, 81.4, 264.7, 219.2, 46.2, 15.1, 203.3, 23.1, 52.3, 127.8, 156.5, 99.8, 166.0, 45.9, 76.2, 96.3, 43.4, 259.4, 156.7, 69.8, 250.3, 82.7, 25.0, 102.6, 11.1, 47.0, 13.1, 30.3, 72.3]
Max AvgDistToWQ: 457.4, Median AvgDistToWQ: 67.5
AvgDistBelowWLQ: [66.0, 67.2, 74.1, 46.1, 43.8, 48.6, 50.4, 30.2, 22.8, 125.3, 18.3, 34.7, 51.7, 86.3, 146.2, 22.6, 15.8, 97.5, 46.2, 129.3, 17.9, 52.3, 79.1, 12.4, 27.3, 326.1, 21.9, 17.7, 164.8, 21.0, 77.4, 31.2, 25.4, 184.7, 152.9, 47.0, 15.8, 56.9, 20.8, 120.7, 23.2, 136.6, 105.0, 10.0, 32.4, 119.0, 91.0, 86.9, 97.7, 47.3, 45.6, 37.0, 17.4, 12.6, 20.8, 41.7, 24.0, 99.3, 20.0, 184.0, 48.7, 24.6, 59.0, 127.4, 135.7, 8.8, 14.6, 14.3, 160.1, 40.4, 66.2, 147.4, 36.4, 47.2, 27.3, 48.4, 37.0, 27.8, 159.2, 34.8, 165.8, 21.3, 74.6, 46.8, 98.0, 130.3, 41.0, 76.0, 14.6, 57.9, 132.6, 92.6, 48.8, 88.0, 30.7, 121.0, 66.2, 61.8, 105.2, 15.0, 45.9, 35.6, 3.4, 26.2, 56.4, 31.0, 25.1, 33.2, 18.3, 20.0, 64.0, 16.0, 137.5, 40.2, 15.6, 13.8, 260.7, 116.7, 25.0, 7.8, 33.0, 22.3, 132.5, 31.9, 15.4, 63.2, 31.0, 85.0, 123.1, 133.3, 33.5, 99.4, 24.1, 17.5, 66.0, 77.5, 28.2, 51.2, 46.0, 21.2, 51.9, 20.4, 85.0, 27.8, 32.2, 19.6, 12.2, 19.9, 46.0, 29.0, 51.4, 20.2, 20.0, 89.3, 12.2, 30.8, 44.0, 62.2, 66.1, 34.0, 121.8, 262.8, 7.2, 83.9, 15.3, 171.1, 32.6, 33.8, 15.8, 87.3, 46.2, 46.7, 77.7, 56.6, 149.6, 65.2, 134.5, 78.6, 16.3, 46.0, 40.8, 26.5, 22.8, 20.7, 15.0, 99.1, 89.8, 13.9, 136.2, 83.9, 51.6, 93.0, 11.8, 99.0, 22.5, 35.3, 38.0, 17.5, 71.3, 24.0, 107.9, 43.8, 147.1, 55.4, 48.7, 13.0, 20.4, 13.0, 23.3, 46.0, 30.1, 142.3, 120.0, 19.3, 112.1, 131.5, 21.7, 129.4, 205.4, 77.4, 160.0, 87.6, 27.5, 145.7, 148.0, 38.8, 28.0, 11.5, 20.3, 91.1, 51.1, 64.0, 27.6, 24.2, 83.1, 45.2, 107.6, 20.6, 32.0, 106.6, 17.3, 86.2, 61.8, 10.4, 101.8, 103.9, 140.8, 74.9, 32.8, 36.5, 52.1, 11.7, 101.1, 105.6, 65.9, 130.5, 83.4, 125.7, 93.9, 61.4, 55.2, 53.3, 48.2, 85.0, 28.9, 50.8, 91.4, 122.7, 64.8, 172.0, 76.0, 45.2, 127.8, 104.4, 167.2, 86.9, 60.4, 33.7, 20.9, 65.0, 23.1, 55.7, 22.9, 14.6, 28.5, 167.9, 77.6, 33.3, 48.3, 150.2, 90.0, 23.5, 41.3, 57.1, 63.6, 19.5, 55.8, 12.2, 195.7, 15.9, 22.0, 120.4, 103.6, 76.0, 113.4, 35.9, 47.0, 101.1, 39.7, 89.3, 90.8, 105.4, 30.1, 53.1, 71.5, 105.5, 113.0, 26.4, 112.0, 118.9, 14.0, 80.8, 28.4, 27.4, 33.8, 247.7, 37.5, 91.7, 41.9, 31.0, 40.8, 31.3, 18.9, 22.0, 15.4, 15.9, 57.2, 24.3, 153.5, 45.7, 134.1, 16.0, 27.0, 75.7, 119.0, 19.2, 39.5, 15.7, 27.4, 33.0, 62.6, 126.9, 30.3, 21.7, 13.7, 20.7, 17.8, 118.0, 35.0, 39.6, 19.1, 8.8, 126.1, 20.3, 15.2, 81.7, 45.3, 122.1, 84.6, 29.6, 36.9, 35.7, 52.4, 37.3, 119.1, 87.8, 149.6, 22.4, 22.6, 152.7, 9.4, 152.0, 72.1, 14.3, 30.7, 38.8, 53.3, 52.3, 39.2, 32.0, 50.2, 72.5, 52.3, 98.5, 28.5, 21.3, 107.3, 39.8, 131.7, 70.4, 76.3, 17.6, 186.6, 22.4, 103.0, 89.1, 13.4, 17.9, 93.0, 99.0, 160.4, 43.3, 18.3, 139.9, 18.0, 26.2, 16.7, 125.7, 14.6, 46.3, 118.1, 115.5, 102.2, 27.2, 14.7, 140.2, 139.9, 119.6, 170.6, 113.0, 78.2, 61.0, 34.1, 20.8, 64.6, 82.2, 145.3, 178.2, 25.5, 12.5, 37.9, 27.7, 19.2, 25.3, 107.1, 15.3, 120.0, 69.5, 168.3, 88.9, 81.1, 25.4, 35.0, 169.1, 31.1, 41.0, 26.3, 59.8, 125.0, 39.0, 43.0, 73.4, 85.4, 15.0, 66.7, 95.7, 49.2, 57.8, 71.1, 33.4, 209.2, 50.0, 136.7, 12.7, 33.6, 80.6, 100.6, 75.0, 72.0, 40.8, 20.5, 59.0, 107.8, 44.0, 57.0, 33.3, 90.6, 268.3, 17.0, 57.0, 107.5, 51.4, 40.5, 24.6, 17.4, 109.3, 33.8, 160.6, 119.1, 86.0, 97.0, 33.8, 241.0, 180.7, 224.8, 31.9, 170.0, 17.4, 141.9, 48.3, 92.3, 262.0, 84.8, 27.2, 48.0, 95.0, 75.3, 13.3, 25.7, 255.0, 205.6, 51.4, 36.3, 136.7, 71.0, 76.4, 44.8, 24.7, 99.0, 23.2, 21.9, 28.8, 56.4, 58.8, 54.7, 9.8, 91.5, 21.8, 90.2, 64.3, 3.9, 214.3, 30.3, 280.2, 138.0, 51.3, 166.3, 30.4, 26.8, 84.2, 40.4, 44.2, 88.8, 61.9, 45.7, 79.9, 62.8, 35.4, 37.0, 42.4, 102.6, 15.0, 17.8, 71.6, 105.6, 47.2, 39.2, 48.0, 100.0, 69.5, 180.7, 39.6, 76.6, 19.8, 50.2, 27.7, 17.3, 75.4, 121.2, 17.1, 33.9, 94.9, 81.7, 76.2, 125.9, 42.1, 117.7, 15.1, 88.7, 111.6, 38.9, 132.3, 10.2, 103.9, 36.6, 173.7, 63.6, 20.8, 30.9, 46.0, 24.6, 62.0, 161.3, 153.9, 46.8, 17.6, 61.7, 16.6, 19.1, 92.4, 233.7, 134.0, 56.2, 10.3, 29.0, 31.6, 33.2, 53.4, 278.0, 150.8, 18.2, 100.5, 49.2, 93.4, 27.7, 18.0, 53.0, 102.3, 36.3, 140.6, 114.3, 26.0, 47.8, 38.7, 117.6, 17.4, 18.2, 65.7, 79.9, 38.7, 135.3, 57.3, 18.8, 158.9, 40.0, 62.6, 67.3, 48.3, 50.6, 267.3, 75.1, 22.8, 22.5, 60.0, 83.1, 41.3, 38.0, 31.2, 19.3, 31.3, 78.8, 62.2, 156.0, 22.3, 54.7, 16.4, 146.9, 130.7, 104.1, 217.8, 82.0, 19.7, 88.9, 12.2, 26.6, 194.3, 51.6, 18.2, 12.0, 22.4, 169.7, 13.7, 156.3, 37.6, 39.8, 105.9, 62.7, 81.0, 95.8, 116.9, 185.6, 34.2, 59.6, 76.4, 62.0, 48.9, 22.0, 86.7, 95.3, 107.0, 50.8, 19.2, 200.6, 36.0, 31.3, 66.6, 7.5, 27.6, 47.9, 16.5, 122.0, 44.3, 202.0, 49.8, 83.2, 82.8, 27.4, 26.9, 101.8, 82.3, 83.8, 159.9, 205.9, 15.3, 26.1, 76.0, 34.1, 21.3, 19.5, 39.0, 48.8, 24.4, 15.2, 49.4, 65.5, 23.8, 107.8, 10.2, 8.0, 36.8, 47.7, 107.3, 29.5, 142.9, 336.3, 136.1, 32.8, 22.0, 76.2, 26.5, 46.4, 83.2, 23.3, 23.0, 69.4, 107.0, 71.4, 33.3, 5.2, 102.7, 20.8, 80.0, 68.0, 80.4, 92.7, 30.8, 22.4, 52.9, 105.6, 75.5, 24.0, 95.0, 14.3, 117.1, 37.6, 40.2, 122.8, 34.2, 120.5, 82.8, 141.1, 66.5, 34.4, 128.5, 156.3, 102.1, 96.0, 45.2, 31.1, 18.2, 37.6, 105.1, 76.0, 29.1, 47.7, 25.7, 73.1, 110.9, 136.9, 32.7, 207.0, 68.2, 30.8, 67.2, 129.4, 132.1, 95.8, 135.4, 8.0, 53.9, 32.2, 47.3, 118.8, 44.6, 29.5, 51.0, 19.9, 19.3, 75.4, 7.3, 109.4, 26.6, 129.8, 47.7, 145.1, 32.2, 51.4, 61.3, 43.2, 26.2, 15.1, 62.1, 48.0, 156.0, 107.9, 80.5, 132.0, 202.1, 87.2, 120.7, 47.0, 104.7, 44.8, 38.0, 44.1, 113.4, 31.6, 26.7, 70.0, 91.1, 85.4, 40.6, 12.4, 25.7, 37.6, 37.7, 27.5, 39.4, 15.2, 91.1, 32.1, 61.2, 58.0, 76.3, 26.9, 51.0, 100.0, 92.3, 44.7, 21.6, 69.6, 26.0, 29.1, 52.3, 109.2, 53.4, 73.0, 119.3, 198.5, 64.8, 94.7, 127.4, 14.0, 93.1, 77.7, 105.3, 53.3, 51.2, 27.1, 13.7, 87.2, 178.9, 35.0, 17.5, 65.9, 148.4, 94.2, 122.1, 19.4, 29.7, 14.0, 30.6, 64.6, 37.0, 19.7, 29.7, 35.5, 148.7, 112.2, 44.2, 31.1, 72.8, 24.8, 63.9, 7.0, 73.1, 287.3, 34.3, 45.7, 17.4, 20.4, 105.5, 41.7, 38.8, 42.7, 89.0, 74.6, 48.6, 83.4, 64.4, 30.8, 32.6, 76.9, 93.1, 48.1, 31.4, 44.1, 52.9, 55.0, 31.3, 53.0, 36.0, 184.0, 71.4, 88.7, 31.2, 84.9, 57.0, 37.0, 128.0, 152.6, 84.8, 10.3, 87.4, 121.9, 21.8, 45.8, 19.3, 104.0, 18.8, 72.0, 77.5, 57.7, 30.2, 29.5, 30.6, 31.2, 9.6, 26.2, 22.3, 81.1, 132.5, 57.7, 188.6, 156.1, 38.0, 18.2, 202.8, 15.9, 43.2, 127.4, 129.8, 62.0, 138.0, 32.1, 75.8, 59.8, 42.8, 184.7, 86.4, 69.2, 156.0, 68.3, 24.4, 102.0, 10.6, 33.1, 12.4, 21.1, 51.1]
Max AvgDistBelowWLQ: 336.3, Median AvgDistBelowWLQ: 51.2
AvgDistAboveWUQ: [99.2, 67.0, 174.0, 420.0, 35.0, 441.0, 118.3, 45.8, 45.7, 293.3, 43.3, 81.3, 104.3, 781.0, 219.8, 92.5, 24.0, 146.5, 69.5, 194.8, 73.5, 79.0, 185.3, 52.0, 55.7, 761.7, 51.7, 27.2, 660.5, 31.8, 77.4, 47.0, 60.3, 431.7, 612.5, 70.8, 16.0, 228.5, 31.5, 282.0, 47.0, 547.0, 245.3, 20.3, 32.4, 279.0, 114.0, 348.5, 146.5, 167.0, 107.0, 86.7, 71.5, 12.8, 21.0, 97.7, 24.2, 198.7, 40.3, 429.7, 114.0, 58.3, 138.7, 510.5, 317.3, 9.0, 18.8, 51.0, 641.5, 40.6, 266.0, 147.4, 147.5, 71.2, 97.5, 195.0, 55.5, 56.3, 239.2, 52.2, 248.8, 32.2, 74.8, 94.0, 98.0, 196.0, 62.0, 76.0, 34.7, 135.3, 309.7, 371.5, 74.0, 796.0, 72.3, 181.2, 266.0, 77.0, 158.0, 35.0, 107.3, 84.3, 4.5, 33.0, 56.4, 38.8, 101.5, 50.0, 43.3, 40.3, 96.5, 37.7, 206.5, 40.4, 37.0, 17.2, 391.2, 175.5, 59.0, 15.7, 33.4, 16.8, 199.2, 75.3, 15.4, 95.0, 126.0, 341.5, 287.7, 311.7, 50.5, 399.0, 221.0, 26.5, 266.0, 311.5, 46.7, 77.2, 186.0, 26.2, 209.0, 25.5, 199.0, 28.0, 54.0, 46.0, 18.5, 47.3, 69.2, 68.7, 64.2, 30.8, 82.0, 209.0, 18.5, 38.8, 44.0, 93.0, 154.7, 27.0, 182.5, 394.2, 15.7, 196.3, 23.2, 399.3, 132.5, 51.0, 24.2, 204.3, 46.4, 110.0, 273.5, 133.0, 349.0, 43.2, 202.0, 315.5, 38.7, 185.5, 61.2, 20.8, 46.3, 48.7, 18.8, 232.3, 361.0, 33.0, 546.0, 196.3, 51.6, 218.0, 48.0, 98.8, 33.5, 83.0, 57.2, 26.5, 107.0, 49.3, 431.5, 29.0, 590.0, 130.0, 114.0, 21.7, 20.4, 26.7, 55.3, 69.2, 71.7, 332.7, 481.5, 45.0, 449.5, 197.2, 44.0, 302.3, 480.0, 702.0, 373.7, 205.3, 41.5, 218.8, 593.0, 58.2, 42.2, 17.5, 40.7, 365.5, 120.0, 96.5, 112.5, 24.2, 334.0, 30.2, 432.5, 83.5, 64.3, 249.7, 41.0, 129.2, 61.8, 13.0, 153.0, 417.5, 211.2, 176.0, 49.2, 29.0, 473.0, 8.5, 406.0, 247.0, 264.5, 196.2, 334.5, 294.3, 376.5, 247.0, 55.0, 107.7, 48.2, 199.3, 67.7, 461.0, 367.0, 287.0, 259.5, 348.3, 689.0, 410.0, 191.5, 418.5, 669.0, 348.5, 243.0, 50.8, 85.0, 152.0, 54.7, 130.7, 81.0, 60.5, 43.0, 392.3, 311.5, 67.3, 73.0, 603.0, 59.8, 95.5, 96.7, 133.7, 149.3, 29.2, 44.8, 12.2, 456.7, 37.3, 22.0, 282.0, 416.0, 76.0, 455.0, 84.0, 109.7, 406.5, 79.7, 208.7, 91.0, 423.0, 71.0, 124.7, 287.5, 422.5, 112.8, 62.3, 112.0, 278.0, 29.0, 731.0, 66.7, 64.0, 33.6, 371.5, 56.5, 214.7, 99.0, 30.8, 40.8, 47.5, 75.5, 33.2, 36.3, 38.0, 230.5, 37.0, 230.0, 161.0, 538.0, 24.0, 64.0, 177.0, 278.0, 12.7, 59.5, 37.7, 27.0, 77.3, 252.5, 296.7, 45.5, 43.7, 20.8, 74.5, 17.8, 276.0, 44.2, 92.7, 45.7, 13.8, 295.0, 48.0, 19.2, 191.0, 106.3, 286.3, 198.0, 29.8, 87.0, 72.0, 122.7, 56.5, 478.0, 352.0, 149.6, 22.4, 22.6, 228.8, 33.0, 610.0, 654.0, 21.8, 72.3, 58.8, 80.5, 122.3, 59.0, 48.2, 75.8, 292.0, 105.0, 395.5, 22.8, 10.3, 250.7, 26.5, 308.0, 70.4, 267.5, 71.0, 436.0, 53.7, 413.5, 208.3, 48.0, 165.0, 139.8, 231.3, 641.5, 101.7, 27.8, 327.0, 37.0, 53.7, 40.3, 188.8, 60.0, 70.0, 276.0, 230.7, 68.0, 27.2, 22.2, 210.0, 327.0, 279.7, 399.0, 452.5, 315.0, 91.8, 138.0, 31.8, 260.0, 330.0, 340.0, 267.5, 38.2, 8.3, 153.0, 41.2, 29.2, 59.7, 430.0, 36.3, 240.7, 279.5, 393.7, 207.3, 734.0, 25.2, 71.0, 396.0, 72.7, 40.8, 39.8, 89.8, 502.5, 157.5, 64.5, 171.7, 85.6, 22.8, 156.7, 144.0, 32.8, 38.5, 250.0, 33.8, 209.2, 75.0, 319.0, 30.7, 42.0, 188.7, 236.0, 176.3, 168.7, 61.5, 30.8, 138.7, 432.5, 66.0, 85.8, 67.3, 818.0, 402.5, 26.0, 133.7, 161.0, 206.0, 163.0, 57.7, 17.2, 256.0, 50.8, 375.0, 477.5, 346.0, 390.0, 33.8, 361.5, 422.3, 337.5, 291.0, 255.2, 41.0, 331.7, 72.8, 216.3, 393.2, 340.5, 27.2, 72.5, 222.3, 176.7, 31.7, 39.2, 382.5, 480.7, 466.0, 54.2, 319.7, 286.0, 306.5, 90.3, 58.3, 347.5, 94.5, 89.0, 43.8, 132.3, 533.0, 127.7, 20.3, 367.0, 44.3, 361.5, 96.8, 10.0, 500.3, 46.0, 420.5, 553.0, 120.3, 388.7, 71.7, 53.7, 169.3, 94.7, 66.5, 356.5, 145.0, 68.8, 321.0, 573.0, 142.5, 87.0, 99.7, 411.5, 14.8, 27.2, 71.6, 424.0, 70.8, 118.0, 72.2, 803.0, 104.2, 271.0, 160.0, 694.0, 30.0, 75.8, 65.3, 35.0, 303.0, 486.5, 41.0, 136.0, 381.5, 191.3, 114.2, 294.0, 170.0, 275.3, 36.3, 315.5, 448.0, 91.0, 309.3, 17.0, 242.3, 85.7, 260.8, 149.0, 32.0, 125.0, 69.0, 57.7, 145.3, 242.2, 359.7, 70.5, 72.0, 93.0, 68.0, 45.0, 371.0, 545.7, 537.0, 225.5, 24.7, 22.6, 74.0, 49.8, 53.4, 417.2, 226.5, 27.2, 403.0, 199.0, 374.5, 65.3, 22.8, 79.5, 239.3, 54.8, 563.5, 229.0, 105.0, 192.5, 58.8, 472.0, 41.3, 74.5, 98.8, 724.0, 58.0, 203.5, 86.2, 38.7, 371.0, 93.7, 146.3, 610.0, 113.7, 50.4, 401.2, 175.7, 28.8, 34.0, 90.2, 194.7, 375.0, 57.5, 46.8, 45.3, 47.0, 78.8, 93.5, 234.0, 33.8, 128.0, 67.5, 343.3, 196.2, 243.3, 327.2, 81.6, 30.0, 208.3, 18.5, 62.7, 291.5, 207.5, 27.2, 28.0, 91.5, 396.7, 49.0, 234.5, 47.0, 60.0, 247.7, 94.5, 189.7, 144.0, 273.3, 744.0, 34.4, 139.7, 76.6, 93.0, 197.0, 22.0, 203.0, 222.7, 429.0, 50.8, 29.0, 468.7, 84.3, 47.2, 545.0, 11.5, 252.0, 113.0, 16.8, 489.0, 104.0, 471.7, 74.8, 334.5, 333.0, 27.8, 63.3, 67.3, 123.8, 126.0, 374.0, 480.7, 36.0, 61.7, 305.5, 79.7, 50.0, 29.2, 91.3, 73.2, 24.2, 22.8, 449.0, 264.0, 97.0, 433.0, 31.5, 8.0, 55.8, 71.8, 251.3, 119.0, 573.0, 504.2, 318.0, 49.5, 33.2, 114.5, 53.3, 109.0, 670.0, 35.2, 29.0, 629.0, 160.2, 167.7, 77.7, 6.5, 363.5, 42.0, 187.3, 102.8, 187.7, 217.0, 94.5, 28.2, 123.3, 247.7, 303.0, 49.3, 222.7, 33.7, 274.7, 152.0, 60.2, 492.0, 51.5, 181.0, 332.0, 329.7, 268.0, 81.3, 515.5, 234.8, 410.0, 224.3, 45.2, 126.0, 18.2, 37.8, 421.5, 305.5, 68.3, 72.0, 38.2, 171.0, 445.5, 320.0, 76.7, 310.8, 68.4, 46.2, 67.0, 302.7, 308.3, 384.0, 316.7, 12.5, 126.3, 32.4, 71.5, 79.0, 105.0, 19.5, 40.4, 47.0, 29.2, 303.0, 15.3, 256.7, 26.4, 129.6, 72.0, 582.0, 32.0, 207.0, 143.7, 28.5, 39.5, 36.0, 562.0, 193.0, 156.2, 433.5, 120.8, 308.7, 807.5, 58.0, 181.8, 70.8, 245.3, 44.8, 38.0, 103.7, 265.3, 31.8, 63.0, 105.5, 732.0, 343.5, 95.7, 29.7, 38.8, 151.5, 57.0, 42.0, 93.0, 22.8, 213.3, 76.0, 61.0, 135.7, 178.3, 63.3, 464.0, 233.7, 216.0, 67.2, 88.0, 163.0, 92.5, 118.5, 78.8, 164.2, 53.6, 110.0, 178.8, 298.0, 64.8, 221.7, 298.0, 33.3, 375.0, 117.0, 370.0, 80.2, 206.5, 63.7, 32.7, 790.0, 418.0, 52.8, 71.5, 231.0, 594.0, 141.5, 286.0, 79.5, 69.7, 57.0, 72.0, 64.6, 36.8, 29.5, 69.7, 23.5, 223.2, 450.0, 55.2, 73.3, 658.0, 50.0, 149.3, 12.0, 294.5, 431.0, 68.7, 107.0, 70.5, 48.3, 423.0, 63.0, 38.8, 100.0, 357.0, 74.4, 114.0, 83.4, 151.0, 46.5, 76.7, 180.0, 374.0, 113.0, 31.6, 103.3, 212.5, 110.0, 47.0, 79.8, 84.7, 430.3, 287.5, 208.3, 46.8, 199.0, 133.7, 37.0, 127.8, 612.0, 341.0, 24.7, 351.0, 285.0, 33.0, 139.0, 45.3, 418.0, 23.5, 71.8, 311.0, 86.5, 122.5, 44.2, 72.3, 46.8, 10.0, 39.5, 45.3, 284.0, 265.7, 135.0, 440.7, 365.0, 57.5, 12.3, 202.8, 38.0, 65.0, 127.4, 195.2, 249.0, 207.2, 76.0, 75.6, 240.5, 53.8, 432.0, 783.0, 86.5, 625.0, 102.8, 30.8, 102.2, 10.4, 77.7, 12.4, 50.0, 120.0]
Max AvgDistAboveWUQ: 818.0, Median AvgDistAboveWUQ: 102.0

-----------------------------------------------------------------------------------------

---------------------------------------D'HONDT-----------------------------------------
WLQo provided in 0.0% of the instances.
WLQ_X provided in 25.3% of the instances.
WLQ-X-r provided in 100.0% of the instances.
WLQ_1 provided in 100.0% of the instances.
WUQo provided in 0.0% of the instances.
WUQ_X provided in 99.1% of the instances.
WUQ_1 provided in 100.0% of the instances.
WEFX provided in 11.8% of the instances.
WEF1 provided in 99.4% of the instances.
AvgDistToWQ: [9.8, 8.7, 5.6, 7.0, 11.1, 3.2, 8.2, 8.4, 6.1, 4.4, 8.4, 13.1, 4.8, 12.6, 8.2, 7.1, 10.6, 3.3, 17.1, 20.0, 10.8, 6.0, 5.7, 10.6, 3.5, 9.8, 5.2, 7.0, 5.2, 12.2, 10.3, 6.4, 9.1, 11.0, 8.5, 7.3, 2.8, 8.4, 9.7, 9.3, 16.5, 18.9, 18.8, 3.1, 6.4, 7.8, 17.0, 8.8, 6.8, 12.0, 3.8, 5.0, 7.8, 6.3, 13.0, 7.8, 8.4, 10.4, 5.5, 11.3, 19.2, 6.1, 6.6, 8.8, 3.3, 9.1, 15.0, 7.1, 18.7, 11.3, 9.0, 12.4, 9.5, 17.2, 14.2, 4.3, 19.0, 35.4, 15.6, 14.7, 24.8, 8.7, 19.7, 31.4, 16.9, 10.1, 6.5, 9.6, 15.4, 7.7, 7.3, 10.7, 16.4, 8.3, 4.5, 9.5, 6.4, 5.8, 11.4, 7.6, 13.1, 6.5, 6.0, 7.9, 9.7, 5.1, 2.7, 13.4, 5.7, 18.6, 7.2, 4.9, 33.0, 10.3, 8.9, 7.0, 9.0, 8.4, 10.7, 1.9, 7.9, 24.8, 4.1, 9.0, 3.7, 11.3, 7.8, 8.6, 9.6, 6.9, 7.2, 3.3, 1.8, 6.3, 7.1, 5.9, 11.5, 11.6, 12.4, 15.2, 8.9, 12.0, 10.5, 11.8, 4.6, 5.6, 14.6, 11.9, 17.7, 6.1, 18.4, 10.8, 14.3, 3.3, 4.9, 22.3, 9.9, 13.8, 9.5, 7.7, 5.0, 28.6, 9.4, 5.9, 9.1, 14.8, 9.2, 3.1, 7.5, 8.2, 13.9, 5.7, 15.6, 9.9, 11.0, 7.7, 20.5, 7.7, 5.0, 12.0, 8.8, 14.0, 6.0, 7.5, 9.7, 6.7, 6.2, 5.5, 5.8, 6.3, 31.8, 5.4, 6.1, 12.2, 7.9, 7.4, 11.0, 6.7, 5.2, 8.3, 21.2, 26.1, 19.4, 11.8, 12.2, 3.5, 10.5, 12.9, 6.4, 8.9, 12.6, 21.2, 11.2, 10.6, 11.9, 18.8, 19.1, 13.2, 15.3, 15.6, 13.9, 5.3, 6.4, 15.6, 3.1, 8.4, 12.7, 12.0, 15.8, 9.0, 6.2, 19.1, 4.6, 6.5, 6.5, 17.0, 15.0, 16.3, 7.4, 18.7, 5.2, 15.8, 14.6, 5.1, 19.3, 9.0, 7.0, 9.2, 28.5, 13.1, 6.6, 4.3, 6.7, 6.8, 11.5, 6.1, 7.4, 7.8, 11.6, 15.5, 13.4, 15.0, 2.4, 6.6, 6.8, 2.5, 11.4, 11.1, 9.1, 6.5, 5.9, 5.7, 6.3, 16.4, 7.0, 10.2, 8.4, 7.6, 10.6, 5.4, 10.5, 11.0, 13.4, 6.0, 5.8, 10.0, 10.8, 11.7, 12.7, 12.4, 12.0, 8.1, 5.7, 8.5, 3.1, 7.1, 6.0, 7.5, 10.7, 5.4, 3.0, 6.5, 10.6, 13.8, 4.7, 5.5, 4.5, 10.1, 8.5, 8.8, 5.3, 5.2, 11.1, 5.2, 11.0, 9.1, 8.3, 7.3, 23.8, 7.9, 8.1, 8.8, 8.6, 5.3, 11.4, 7.8, 7.2, 5.8, 8.7, 18.9, 7.0, 13.1, 6.0, 9.7, 5.8, 5.2, 7.0, 6.2, 12.6, 12.4, 10.9, 8.9, 6.0, 15.9, 10.9, 10.2, 17.9, 6.1, 20.4, 6.4, 13.3, 8.5, 7.6, 9.4, 5.2, 11.2, 6.0, 10.2, 8.7, 9.0, 5.5, 2.5, 9.9, 10.3, 12.3, 6.1, 10.9, 13.9, 3.8, 9.4, 4.9, 10.3, 3.6, 16.3, 4.8, 13.3, 12.6, 12.6, 7.4, 12.8, 12.2, 7.7, 8.3, 4.5, 10.3, 7.8, 11.2, 14.4, 5.8, 13.2, 11.5, 6.0, 20.0, 13.8, 6.8, 9.0, 18.1, 18.2, 10.1, 26.6, 18.0, 8.3, 5.6, 9.6, 4.8, 9.0, 3.3, 5.9, 13.4, 8.4, 22.7, 9.6, 16.3, 10.4, 7.7, 14.5, 8.5, 15.4, 8.5, 5.1, 5.2, 27.3, 6.8, 10.0, 6.5, 20.8, 13.0, 13.3, 11.5, 4.1, 10.5, 16.8, 9.4, 4.7, 4.1, 10.5, 31.6, 6.7, 9.9, 12.3, 3.8, 12.1, 4.2, 7.3, 7.2, 7.4, 8.7, 11.3, 3.5, 19.8, 30.2, 4.7, 5.7, 12.4, 5.4, 13.9, 8.9, 9.7, 18.6, 4.7, 18.8, 11.0, 11.8, 7.7, 7.4, 12.3, 14.7, 26.6, 24.8, 7.4, 13.8, 7.4, 21.3, 4.4, 6.9, 8.5, 14.5, 25.9, 21.9, 23.6, 4.5, 10.5, 9.9, 7.3, 14.0, 6.4, 3.2, 8.3, 7.1, 17.1, 2.2, 8.5, 11.9, 6.4, 5.3, 16.2, 14.5, 10.7, 5.0, 10.5, 9.4, 13.4, 7.9, 10.6, 5.7, 2.8, 9.7, 4.1, 7.5, 3.6, 7.7, 8.4, 9.4, 6.6, 4.9, 7.4, 14.3, 12.0, 9.1, 11.0, 17.9, 6.4, 7.0, 12.2, 9.6, 12.8, 12.8, 8.3, 10.1, 13.8, 5.8, 28.6, 11.3, 11.3, 14.5, 6.0, 9.7, 5.4, 9.8, 11.5, 6.8, 21.7, 7.2, 2.0, 10.9, 7.6, 14.0, 5.6, 21.6, 14.2, 4.1, 13.2, 14.9, 15.0, 4.7, 16.1, 17.4, 7.4, 5.1, 17.6, 24.8, 13.2, 3.0, 6.4, 10.1, 8.4, 9.7, 18.3, 11.7, 6.4, 18.5, 12.0, 6.6, 16.7, 11.7, 4.2, 5.8, 3.9, 5.4, 5.3, 7.7, 3.4, 8.7, 6.6, 11.8, 15.1, 6.8, 5.9, 12.4, 14.0, 7.6, 5.7, 8.3, 4.2, 11.3, 13.3, 16.1, 9.6, 9.1, 18.3, 12.6, 4.4, 7.3, 16.6, 3.8, 13.0, 10.0, 9.2, 21.2, 7.4, 6.9, 7.1, 11.9, 19.7, 4.6, 8.4, 7.3, 18.2, 7.8, 6.5, 3.1, 4.0, 13.4, 19.3, 17.2, 7.2, 9.4, 12.0, 12.1, 29.9, 4.8, 9.5, 6.7, 21.5, 12.7, 4.6, 10.8, 7.8, 8.2, 8.5, 15.7, 7.7, 13.3, 6.4, 8.8, 6.3, 4.8, 26.1, 26.1, 14.9, 14.7, 6.1, 8.9, 6.5, 13.5, 13.3, 12.8, 27.5, 6.9, 15.8, 10.5, 6.4, 11.1, 9.4, 16.0, 7.2, 12.0, 5.3, 7.9, 10.6, 10.6, 10.2, 9.6, 4.6, 10.1, 20.1, 4.8, 10.7, 6.2, 9.2, 6.1, 9.5, 15.5, 6.7, 13.7, 14.5, 9.7, 4.0, 9.1, 5.7, 3.5, 9.1, 13.4, 23.8, 14.5, 7.9, 8.1, 6.3, 10.6, 9.5, 7.7, 7.4, 7.6, 8.4, 11.4, 15.7, 2.6, 8.3, 14.9, 6.2, 9.5, 14.5, 8.5, 8.3, 22.9, 4.0, 11.6, 17.0, 12.7, 3.1, 19.7, 2.8, 11.0, 14.0, 13.4, 6.3, 9.6, 15.2, 10.4, 17.6, 9.1, 14.6, 14.8, 10.8, 4.1, 31.6, 14.7, 12.1, 8.8, 10.2, 7.5, 15.2, 10.0, 5.7, 9.2, 12.6, 3.6, 10.5, 9.2, 10.3, 6.3, 6.1, 8.7, 14.2, 12.0, 7.6, 6.4, 13.3, 4.1, 12.6, 13.3, 11.0, 4.6, 14.4, 9.1, 10.5, 13.7, 24.8, 13.2, 12.8, 25.5, 3.5, 3.2, 7.7, 4.0, 13.2, 6.4, 12.7, 13.8, 24.5, 6.7, 5.4, 11.5, 7.8, 13.4, 12.1, 12.1, 15.0, 12.0, 6.6, 8.9, 5.4, 11.1, 6.9, 11.4, 26.3, 7.0, 14.1, 6.8, 8.3, 10.5, 26.2, 9.3, 13.3, 8.2, 9.0, 9.4, 9.4, 14.4, 7.9, 7.1, 17.0, 8.7, 5.1, 13.2, 11.7, 3.4, 12.5, 9.1, 7.7, 16.2, 9.0, 16.6, 8.7, 10.0, 13.3, 6.6, 5.2, 15.0, 15.7, 10.3, 11.0, 6.7, 20.2, 11.0, 14.9, 8.9, 9.8, 11.4, 6.6, 10.5, 9.3, 8.2, 7.9, 5.9, 5.0, 10.8, 19.8, 14.6, 5.4, 16.8, 4.1, 7.9, 3.1, 7.0, 8.9, 5.9, 5.9, 4.6, 9.4, 9.5, 14.2, 9.0, 9.8, 16.6, 13.8, 8.7, 7.7, 5.2, 8.2, 13.7, 10.2, 11.7, 4.7, 18.8, 24.3, 7.6, 9.6, 9.8, 8.4, 15.9, 12.7, 4.6, 15.9, 4.4, 4.0, 9.5, 7.3, 13.0, 6.5, 6.7, 11.1, 16.0, 6.8, 8.9, 10.5, 6.9, 8.8, 13.2, 12.2, 8.1, 5.4, 15.0, 2.4, 7.7, 6.2, 6.9, 7.5, 12.2, 17.0, 7.0, 12.4, 7.2, 14.9, 9.8, 10.5, 19.2, 10.9, 7.3, 8.3, 5.8, 4.9, 3.6, 21.9, 7.5, 3.7, 18.1, 19.4, 11.5, 7.3, 7.2, 6.7, 23.6, 18.4, 9.3, 10.1, 15.2, 2.4, 7.8, 9.4, 8.7, 11.1, 8.6, 9.3, 4.7, 13.0, 21.5, 4.3, 8.5, 12.6, 6.5, 14.0, 13.5, 5.3, 5.0, 6.2, 8.2, 4.6, 11.8, 11.5, 7.0, 16.4, 4.4, 22.5, 6.5, 4.7, 10.7, 9.4, 10.5, 32.8, 6.4, 8.0, 17.1, 8.5, 10.1, 18.2, 12.7, 18.3, 8.9, 12.2, 9.1, 10.4, 7.0, 12.1, 9.2, 11.7, 15.2, 5.3, 15.0, 5.8, 9.4, 10.2, 8.9, 12.7, 13.0, 4.9, 8.4, 7.4, 3.0, 13.8]
Max AvgDistToWQ: 35.4, Median AvgDistToWQ: 9.2
AvgDistBelowWLQ: [9.0, 7.2, 6.0, 6.8, 7.4, 3.7, 4.9, 9.5, 5.6, 2.5, 8.0, 10.5, 5.0, 13.8, 5.8, 5.3, 8.3, 6.0, 16.6, 14.3, 12.8, 5.6, 9.0, 8.2, 3.2, 8.5, 4.6, 8.0, 7.0, 14.8, 6.9, 5.6, 8.6, 10.2, 8.5, 6.8, 2.4, 7.0, 9.2, 8.0, 13.0, 12.2, 15.6, 2.3, 4.5, 10.3, 12.6, 6.0, 8.0, 14.2, 4.0, 4.6, 5.0, 5.4, 8.7, 9.5, 6.3, 10.0, 4.0, 8.0, 17.4, 7.0, 5.8, 8.2, 2.4, 10.5, 14.4, 6.8, 20.2, 8.8, 6.0, 14.2, 8.8, 13.8, 22.7, 3.4, 15.3, 35.0, 12.3, 12.0, 20.0, 8.2, 14.8, 27.8, 19.2, 14.3, 5.8, 14.3, 18.8, 7.4, 8.3, 7.8, 13.0, 9.0, 3.3, 11.2, 5.6, 4.4, 8.7, 7.2, 10.5, 5.2, 7.0, 7.4, 11.0, 3.7, 4.0, 12.8, 5.4, 14.7, 4.0, 4.6, 24.0, 6.1, 14.3, 8.5, 10.2, 9.2, 10.4, 2.7, 6.0, 17.1, 2.8, 7.0, 3.8, 10.8, 9.0, 7.0, 9.5, 6.0, 4.8, 4.0, 2.3, 7.2, 5.0, 4.5, 6.8, 11.0, 9.8, 14.8, 5.8, 8.1, 11.5, 11.2, 4.2, 3.6, 14.0, 8.7, 20.5, 6.0, 14.8, 8.5, 16.2, 2.4, 5.5, 18.0, 9.4, 11.2, 14.7, 12.0, 5.8, 36.7, 7.2, 5.2, 11.0, 11.0, 6.5, 2.4, 8.8, 8.8, 11.8, 6.5, 10.6, 10.5, 9.6, 9.2, 22.2, 8.0, 2.5, 12.5, 8.2, 13.8, 5.6, 5.7, 11.5, 9.0, 4.4, 5.0, 3.0, 5.0, 31.2, 3.0, 5.6, 6.9, 7.2, 10.7, 10.6, 5.2, 3.8, 9.8, 19.0, 18.1, 19.7, 13.5, 10.4, 2.5, 8.2, 12.2, 5.8, 8.2, 7.2, 17.5, 9.8, 7.3, 12.5, 10.0, 18.6, 13.5, 16.5, 12.2, 12.0, 3.4, 5.5, 11.6, 2.3, 6.5, 10.2, 10.0, 15.4, 5.8, 7.2, 18.4, 2.7, 7.8, 8.0, 16.4, 8.7, 13.2, 9.0, 15.8, 4.4, 12.6, 17.5, 4.6, 15.0, 9.0, 7.8, 6.8, 19.9, 12.6, 5.8, 4.2, 5.6, 4.2, 10.6, 6.0, 4.0, 6.2, 11.0, 14.2, 9.1, 14.6, 2.2, 5.4, 5.3, 2.2, 16.0, 8.8, 13.7, 10.5, 6.8, 5.8, 7.2, 15.6, 7.5, 8.8, 7.0, 5.8, 8.3, 2.9, 7.0, 9.0, 12.4, 4.5, 3.7, 7.6, 12.0, 7.7, 9.8, 10.2, 11.4, 6.2, 4.3, 9.8, 3.0, 8.5, 6.5, 4.9, 9.2, 3.5, 2.4, 5.8, 9.5, 11.0, 4.2, 4.3, 4.2, 9.0, 5.7, 5.2, 4.6, 9.0, 10.6, 5.0, 8.0, 5.9, 8.8, 5.5, 18.8, 5.0, 7.4, 8.7, 8.2, 6.2, 7.7, 14.0, 5.5, 8.7, 10.2, 15.3, 5.2, 15.8, 5.8, 9.2, 6.5, 5.8, 7.5, 5.4, 12.0, 9.7, 10.0, 6.0, 4.5, 19.5, 8.5, 12.2, 17.2, 4.5, 16.8, 6.2, 12.2, 9.5, 5.0, 6.3, 4.6, 8.8, 7.0, 7.7, 7.8, 8.6, 3.8, 5.0, 7.3, 11.8, 11.6, 6.5, 8.3, 11.8, 4.0, 6.0, 5.5, 8.8, 7.0, 13.0, 4.0, 9.8, 13.0, 9.3, 5.7, 15.5, 11.8, 7.3, 7.5, 4.0, 8.0, 7.2, 8.7, 23.3, 5.2, 9.2, 7.0, 6.5, 13.1, 12.0, 4.4, 8.4, 23.7, 12.4, 12.3, 32.8, 12.5, 5.6, 10.5, 11.2, 5.2, 7.0, 2.6, 3.8, 17.7, 14.0, 20.8, 6.3, 9.6, 10.8, 5.8, 11.2, 6.3, 12.6, 7.8, 5.2, 3.0, 25.4, 8.0, 7.8, 4.7, 17.0, 9.0, 10.7, 12.7, 3.8, 8.0, 14.6, 7.3, 5.2, 4.0, 12.5, 33.8, 9.0, 8.0, 9.7, 3.0, 11.8, 3.2, 6.6, 6.0, 6.4, 7.6, 10.4, 2.2, 24.0, 32.2, 3.5, 4.0, 11.5, 5.0, 13.4, 8.4, 6.6, 25.0, 4.8, 14.0, 9.6, 9.2, 8.0, 6.4, 12.5, 17.2, 33.7, 18.8, 8.5, 9.8, 11.7, 14.1, 6.7, 11.0, 6.0, 17.0, 27.5, 22.8, 19.2, 4.0, 8.2, 10.5, 6.8, 13.6, 5.8, 4.5, 11.0, 8.5, 11.7, 2.2, 9.2, 10.4, 7.5, 3.8, 12.2, 11.7, 9.8, 4.7, 6.7, 6.7, 21.7, 6.7, 10.5, 4.8, 3.3, 7.2, 3.6, 4.7, 2.7, 10.0, 7.7, 7.3, 4.8, 4.4, 7.8, 10.7, 11.4, 8.4, 10.7, 21.3, 5.4, 5.5, 11.0, 8.6, 6.7, 12.2, 6.3, 7.2, 11.0, 3.5, 23.3, 8.8, 14.3, 11.0, 3.7, 9.2, 3.3, 8.6, 6.8, 5.0, 22.5, 5.8, 1.0, 11.7, 7.0, 14.0, 4.2, 16.2, 12.6, 5.7, 10.5, 12.4, 11.0, 4.8, 10.9, 16.2, 6.6, 5.8, 9.8, 24.0, 10.5, 4.3, 6.8, 6.7, 7.8, 7.7, 14.7, 11.0, 4.5, 15.6, 13.0, 5.6, 13.5, 11.2, 3.2, 5.4, 2.5, 4.0, 6.0, 7.4, 3.7, 6.4, 6.4, 10.0, 13.4, 6.2, 6.8, 8.8, 12.6, 7.0, 4.0, 7.8, 5.7, 9.0, 11.0, 14.5, 11.2, 5.9, 17.6, 8.6, 4.2, 4.0, 15.4, 5.3, 10.3, 5.9, 7.2, 21.2, 6.6, 4.5, 7.7, 14.2, 13.6, 7.0, 7.8, 5.5, 22.0, 7.7, 7.5, 2.2, 5.3, 10.2, 20.8, 11.9, 6.6, 7.5, 18.0, 8.0, 23.2, 3.0, 7.3, 5.8, 19.8, 9.2, 5.0, 10.2, 5.8, 12.3, 8.0, 18.8, 6.0, 16.2, 4.8, 9.8, 4.3, 3.8, 24.4, 25.8, 13.0, 16.0, 5.6, 8.4, 5.8, 16.3, 8.0, 12.2, 27.2, 11.0, 15.4, 9.2, 5.6, 13.3, 9.0, 11.5, 8.5, 14.0, 5.2, 5.2, 11.0, 8.5, 6.7, 7.8, 5.0, 6.7, 14.8, 3.0, 7.1, 5.8, 8.6, 5.0, 9.0, 13.8, 9.7, 9.3, 11.0, 7.5, 2.8, 6.8, 5.2, 4.0, 10.8, 12.2, 21.8, 11.2, 12.3, 7.6, 7.0, 10.8, 8.6, 7.2, 17.5, 7.0, 6.7, 16.7, 13.8, 2.8, 9.0, 13.4, 3.9, 8.8, 13.8, 8.2, 5.3, 21.2, 3.2, 9.0, 13.2, 8.6, 3.0, 15.7, 1.5, 10.0, 13.6, 9.6, 5.6, 9.2, 12.3, 7.0, 17.2, 8.4, 18.0, 18.0, 9.2, 3.8, 36.2, 10.5, 11.4, 5.7, 9.4, 8.8, 11.8, 8.0, 5.0, 9.0, 11.6, 5.0, 17.3, 10.8, 12.5, 4.8, 4.0, 8.2, 9.6, 9.0, 7.2, 5.0, 13.0, 4.8, 9.8, 13.0, 9.8, 4.0, 23.7, 7.0, 9.6, 13.0, 20.3, 16.0, 14.2, 20.3, 2.0, 2.2, 5.5, 4.0, 10.7, 4.6, 12.2, 11.2, 18.8, 6.8, 3.8, 9.0, 10.7, 8.7, 8.8, 8.8, 17.8, 9.3, 5.0, 6.8, 5.2, 5.8, 5.3, 8.2, 26.0, 5.8, 15.0, 6.5, 9.8, 9.8, 21.2, 5.4, 19.3, 8.8, 6.2, 7.2, 8.8, 11.3, 7.4, 5.2, 11.6, 8.0, 3.7, 10.5, 13.5, 2.6, 12.0, 10.2, 7.2, 14.6, 7.8, 13.8, 5.6, 11.3, 15.2, 9.7, 4.4, 24.3, 12.5, 9.8, 8.7, 10.0, 14.2, 12.2, 18.0, 10.8, 10.8, 6.6, 2.5, 8.0, 8.4, 7.8, 5.1, 5.6, 3.5, 10.0, 11.9, 9.7, 7.3, 11.4, 3.5, 7.4, 3.2, 6.4, 8.4, 4.2, 4.3, 7.0, 14.5, 6.8, 13.8, 7.2, 15.3, 20.0, 16.2, 6.7, 6.4, 4.6, 5.3, 13.0, 8.0, 18.7, 7.0, 13.2, 29.8, 4.9, 7.0, 7.2, 6.5, 18.8, 9.5, 4.8, 13.8, 4.5, 3.0, 13.0, 8.0, 12.6, 6.0, 7.2, 11.5, 10.9, 6.2, 7.0, 16.0, 4.5, 6.3, 8.9, 9.8, 6.3, 3.4, 18.2, 3.3, 7.2, 5.8, 6.4, 7.5, 11.2, 13.7, 4.3, 12.3, 4.7, 10.8, 7.7, 5.7, 15.0, 13.2, 5.8, 7.8, 3.6, 4.7, 2.8, 15.3, 8.8, 3.2, 12.4, 20.5, 9.0, 8.8, 6.6, 10.3, 26.0, 16.8, 15.0, 10.5, 14.8, 2.0, 5.1, 7.2, 9.0, 10.4, 7.8, 8.0, 6.0, 10.5, 19.8, 3.8, 4.9, 9.5, 9.0, 12.2, 9.1, 10.0, 4.0, 9.3, 8.5, 5.0, 10.8, 11.2, 6.4, 17.0, 4.5, 21.2, 7.5, 4.2, 7.5, 7.2, 9.6, 27.0, 7.0, 6.6, 15.6, 6.8, 15.7, 14.5, 15.0, 19.0, 6.8, 11.6, 7.8, 7.7, 5.5, 13.8, 6.8, 18.7, 13.8, 3.8, 10.5, 5.5, 11.0, 7.2, 7.0, 15.0, 10.2, 11.5, 13.3, 6.8, 3.2, 17.7]
Max AvgDistBelowWLQ: 36.7, Median AvgDistBelowWLQ: 8.4
AvgDistAboveWUQ: [9.4, 14.0, 6.8, 6.6, 18.0, 3.2, 13.0, 10.0, 5.4, 4.0, 8.0, 15.8, 7.0, 12.0, 9.8, 8.5, 25.5, 2.8, 16.6, 33.0, 10.2, 5.8, 5.0, 13.0, 8.5, 15.7, 4.8, 6.6, 6.0, 9.7, 16.7, 7.2, 8.8, 18.0, 13.7, 8.5, 3.2, 9.8, 9.2, 11.0, 40.5, 23.2, 30.7, 3.5, 10.3, 12.7, 20.8, 14.0, 6.2, 11.8, 3.2, 5.5, 12.7, 9.7, 32.0, 7.2, 10.0, 12.2, 13.0, 27.5, 18.6, 4.7, 7.8, 14.0, 4.7, 10.8, 14.6, 8.2, 23.0, 13.8, 22.0, 20.0, 9.0, 28.3, 13.8, 4.8, 23.0, 35.0, 25.7, 24.0, 41.0, 10.5, 24.2, 38.8, 16.4, 9.8, 7.8, 9.2, 12.3, 12.0, 8.0, 12.8, 20.2, 13.0, 4.0, 14.7, 7.5, 14.0, 18.7, 6.8, 21.0, 8.0, 6.8, 7.4, 9.2, 8.0, 2.5, 12.8, 5.4, 22.5, 17.0, 5.5, 40.8, 17.0, 6.8, 8.2, 10.8, 9.8, 10.4, 1.5, 19.5, 41.0, 4.8, 14.7, 4.0, 13.5, 7.4, 42.0, 9.2, 11.0, 11.7, 4.7, 1.8, 5.6, 11.7, 9.3, 57.0, 11.2, 15.2, 14.6, 14.3, 19.7, 12.5, 14.5, 5.5, 13.5, 14.0, 19.3, 21.5, 7.2, 22.5, 13.2, 13.8, 5.0, 4.2, 27.5, 9.4, 16.5, 7.3, 8.8, 7.3, 28.0, 11.5, 5.4, 8.6, 17.8, 15.0, 4.3, 7.0, 9.5, 17.0, 6.5, 38.0, 16.0, 18.0, 5.8, 25.0, 9.0, 24.0, 19.0, 10.2, 13.4, 7.2, 11.7, 11.2, 5.2, 7.2, 5.0, 13.5, 7.2, 39.2, 8.3, 6.8, 19.7, 9.0, 17.5, 10.6, 10.7, 12.5, 8.0, 26.0, 43.0, 19.0, 11.2, 14.5, 4.0, 12.5, 15.8, 6.0, 10.2, 31.5, 26.0, 18.3, 17.0, 19.0, 93.0, 18.6, 12.8, 18.5, 25.7, 22.3, 8.3, 7.5, 19.0, 4.3, 9.8, 15.5, 19.3, 15.2, 8.4, 5.8, 18.6, 7.3, 6.0, 6.0, 16.6, 24.7, 19.8, 8.5, 23.0, 5.8, 25.7, 13.8, 7.7, 31.7, 8.4, 8.0, 15.0, 46.7, 12.4, 6.2, 4.0, 10.7, 8.0, 18.3, 7.2, 37.0, 12.7, 11.0, 25.0, 21.7, 14.8, 3.7, 10.7, 11.0, 3.3, 9.0, 18.0, 10.5, 7.8, 5.4, 5.2, 5.6, 26.7, 8.0, 12.2, 9.8, 9.0, 12.8, 27.0, 17.0, 13.2, 13.0, 9.7, 14.0, 16.3, 10.0, 19.0, 15.2, 20.0, 14.5, 13.3, 6.5, 8.0, 3.2, 6.4, 9.3, 12.0, 12.8, 8.3, 7.0, 10.3, 10.2, 13.4, 11.0, 6.5, 10.5, 12.2, 13.7, 10.5, 8.3, 4.8, 13.2, 6.0, 18.0, 22.0, 13.3, 8.5, 29.2, 12.7, 7.6, 6.8, 8.0, 4.8, 18.3, 7.2, 17.5, 4.3, 8.4, 23.0, 11.0, 10.5, 9.0, 9.2, 6.5, 6.0, 8.0, 14.5, 30.5, 31.0, 13.0, 14.3, 7.2, 12.7, 17.7, 8.0, 21.5, 7.2, 25.0, 7.2, 16.2, 10.0, 12.0, 15.0, 6.0, 13.8, 5.4, 25.0, 10.2, 14.3, 8.7, 1.8, 16.0, 9.8, 11.6, 5.4, 13.0, 17.0, 3.2, 15.3, 3.7, 9.8, 5.0, 20.0, 5.5, 21.3, 12.2, 15.5, 8.8, 12.2, 11.4, 9.2, 8.0, 4.0, 12.2, 9.2, 27.5, 9.7, 5.2, 16.0, 18.7, 9.7, 32.7, 16.8, 11.0, 8.4, 17.6, 30.0, 12.2, 21.7, 29.0, 13.0, 5.0, 11.5, 5.2, 10.8, 4.7, 6.8, 12.8, 7.6, 27.8, 15.3, 40.0, 10.0, 9.2, 23.7, 10.2, 18.8, 10.0, 25.0, 6.0, 33.5, 6.2, 12.0, 7.5, 25.5, 21.0, 12.8, 11.0, 5.7, 12.8, 16.4, 11.2, 5.5, 3.0, 10.0, 39.0, 5.0, 12.0, 15.0, 5.7, 14.2, 6.3, 8.5, 11.3, 11.3, 14.0, 14.0, 8.5, 19.2, 29.6, 7.3, 9.3, 15.2, 4.6, 16.5, 8.4, 15.7, 18.2, 7.3, 23.0, 17.3, 19.0, 9.0, 8.8, 12.0, 24.0, 26.2, 41.0, 7.0, 33.5, 4.6, 52.5, 3.8, 4.3, 10.0, 14.2, 25.6, 21.6, 39.0, 6.7, 12.8, 12.0, 8.5, 13.6, 10.3, 4.0, 13.3, 6.8, 28.0, 1.8, 8.0, 11.4, 4.7, 8.0, 26.3, 17.5, 12.8, 5.5, 17.0, 15.3, 12.8, 12.3, 26.0, 6.8, 4.0, 24.0, 4.2, 18.5, 4.0, 7.2, 13.3, 15.3, 10.3, 5.8, 7.0, 23.3, 14.5, 8.8, 10.4, 17.4, 7.2, 10.7, 14.8, 11.8, 20.7, 12.4, 13.3, 16.3, 22.3, 6.5, 35.5, 18.0, 10.8, 23.3, 14.5, 9.0, 8.7, 11.8, 28.5, 16.0, 26.5, 8.8, 2.0, 10.2, 9.0, 13.4, 9.0, 35.3, 17.2, 6.0, 21.3, 18.2, 18.2, 7.0, 40.0, 28.7, 8.5, 4.6, 43.5, 30.2, 15.8, 4.3, 7.8, 16.3, 20.0, 11.5, 22.5, 18.7, 15.5, 30.3, 9.5, 7.8, 20.5, 11.4, 6.3, 5.4, 9.0, 6.5, 5.0, 18.5, 8.0, 21.5, 7.8, 14.0, 14.6, 10.7, 5.6, 12.0, 22.7, 8.8, 9.0, 7.8, 3.4, 13.5, 21.7, 19.8, 9.2, 22.5, 17.8, 20.3, 4.8, 6.6, 20.2, 3.2, 21.0, 24.5, 11.0, 20.6, 8.8, 8.2, 8.2, 11.2, 32.3, 4.8, 13.3, 17.5, 14.5, 9.2, 7.5, 4.3, 3.2, 16.2, 18.8, 28.3, 8.5, 23.0, 9.5, 19.7, 49.3, 7.0, 11.2, 8.0, 21.2, 20.7, 5.5, 13.0, 9.2, 7.8, 10.0, 19.2, 12.3, 10.8, 7.5, 10.2, 7.2, 11.0, 32.2, 32.0, 18.0, 18.0, 9.7, 10.5, 7.8, 10.7, 21.7, 15.5, 27.0, 5.2, 19.0, 12.5, 10.3, 13.0, 11.2, 19.5, 5.7, 14.2, 6.2, 9.2, 13.0, 16.7, 16.7, 9.2, 10.5, 16.3, 49.5, 7.3, 17.0, 7.0, 8.8, 7.0, 9.0, 19.0, 7.8, 22.3, 17.8, 11.8, 4.5, 10.8, 9.0, 5.3, 7.2, 16.2, 23.4, 23.7, 6.0, 7.6, 7.5, 10.0, 11.2, 7.2, 6.8, 7.2, 10.0, 8.8, 25.7, 2.2, 10.0, 18.5, 10.0, 15.0, 14.0, 13.3, 20.0, 22.6, 9.0, 14.2, 20.8, 31.0, 7.0, 32.3, 4.3, 10.6, 16.8, 16.2, 7.5, 8.8, 18.5, 16.7, 21.5, 10.8, 23.3, 11.7, 10.4, 4.5, 31.2, 24.3, 14.5, 21.5, 12.2, 12.0, 25.0, 12.0, 6.5, 14.7, 15.2, 5.3, 7.1, 7.2, 8.0, 7.5, 9.7, 8.2, 23.0, 19.3, 11.7, 10.0, 12.6, 3.0, 15.0, 12.8, 17.7, 4.4, 13.4, 14.7, 26.0, 13.2, 30.2, 12.8, 12.2, 31.2, 5.3, 3.5, 12.3, 8.5, 16.0, 10.3, 12.2, 13.4, 40.0, 7.8, 8.3, 19.0, 12.0, 33.0, 19.7, 19.7, 14.6, 14.5, 7.8, 10.8, 6.0, 13.2, 10.7, 28.0, 32.2, 8.0, 17.2, 6.4, 7.4, 12.8, 32.2, 22.5, 12.6, 9.5, 14.0, 15.0, 15.3, 17.5, 7.4, 8.2, 28.0, 13.7, 6.0, 16.0, 11.2, 7.5, 12.0, 8.6, 9.2, 20.0, 10.5, 16.0, 21.5, 9.2, 16.0, 4.8, 8.0, 11.8, 19.0, 12.2, 18.0, 7.5, 25.0, 13.2, 17.8, 10.5, 12.0, 28.0, 16.0, 12.5, 11.2, 9.8, 19.0, 7.0, 5.8, 13.0, 49.0, 24.0, 6.2, 20.5, 6.3, 9.2, 7.0, 8.2, 8.6, 14.5, 9.7, 4.0, 11.2, 11.5, 13.6, 14.3, 11.8, 16.0, 16.8, 14.0, 9.2, 8.0, 20.0, 16.8, 12.2, 9.3, 5.2, 18.2, 19.8, 12.3, 15.3, 15.7, 20.0, 15.2, 20.7, 5.0, 19.5, 5.2, 4.5, 7.3, 11.7, 12.4, 7.8, 8.0, 18.0, 26.0, 6.2, 10.5, 9.8, 16.5, 14.3, 21.7, 19.7, 13.0, 13.0, 18.0, 3.3, 8.8, 7.0, 6.4, 9.0, 14.8, 20.8, 17.0, 11.6, 11.3, 18.0, 11.8, 12.8, 47.5, 8.5, 8.5, 7.8, 9.0, 4.2, 4.0, 26.8, 8.8, 4.0, 29.3, 18.8, 28.0, 8.8, 8.5, 5.0, 23.2, 22.5, 7.2, 7.8, 18.2, 3.0, 12.3, 11.0, 8.2, 10.4, 21.0, 11.2, 5.5, 21.0, 26.5, 3.8, 42.0, 20.3, 7.8, 17.0, 22.0, 4.0, 4.6, 5.6, 13.0, 22.0, 14.2, 13.8, 8.2, 15.8, 6.7, 27.8, 7.2, 5.5, 17.0, 11.5, 17.0, 40.8, 7.2, 12.7, 16.4, 10.0, 7.8, 22.2, 20.7, 22.0, 14.3, 11.6, 14.7, 17.0, 11.0, 19.7, 11.0, 18.3, 18.5, 12.5, 18.5, 14.0, 11.2, 25.0, 10.8, 12.2, 21.3, 4.0, 10.0, 8.8, 2.6, 13.2]
Max AvgDistAboveWUQ: 93.0, Median AvgDistAboveWUQ: 12.0

-----------------------------------------------------------------------------------------

---------------------------------------GREEDY-----------------------------------------
WLQo provided in 0.0% of the instances.
WLQ_X provided in 21.8% of the instances.
WLQ-X-r provided in 100.0% of the instances.
WLQ_1 provided in 100.0% of the instances.
WUQo provided in 0.0% of the instances.
WUQ_X provided in 100.0% of the instances.
WUQ_1 provided in 100.0% of the instances.
WEFX provided in 12.2% of the instances.
WEF1 provided in 96.5% of the instances.
AvgDistToWQ: [16.1, 6.3, 3.5, 17.9, 14.5, 15.1, 16.9, 10.7, 9.6, 2.6, 6.5, 9.6, 7.0, 5.5, 6.7, 4.8, 15.4, 7.5, 11.2, 14.4, 23.9, 4.1, 3.2, 9.5, 18.9, 9.4, 6.1, 9.1, 6.9, 17.6, 7.6, 16.7, 25.0, 21.1, 7.8, 18.1, 7.4, 4.0, 6.1, 13.6, 16.3, 15.7, 13.7, 17.1, 3.9, 11.2, 10.4, 4.6, 11.3, 12.4, 11.1, 3.6, 17.4, 5.6, 15.7, 7.1, 22.1, 12.6, 15.8, 1.9, 18.4, 13.6, 18.5, 10.0, 15.1, 5.5, 14.9, 9.6, 22.1, 7.6, 10.6, 6.6, 7.7, 25.6, 11.2, 10.0, 24.3, 14.2, 20.3, 10.0, 15.2, 9.1, 33.7, 7.0, 18.9, 45.2, 21.2, 11.9, 17.5, 10.6, 11.2, 11.4, 22.7, 4.1, 12.2, 10.2, 5.2, 5.7, 5.6, 4.9, 11.7, 9.7, 9.3, 5.7, 12.1, 4.5, 13.5, 8.7, 9.8, 12.8, 6.0, 8.5, 12.3, 20.7, 5.9, 5.5, 5.2, 11.6, 9.7, 3.9, 8.0, 13.4, 10.3, 21.7, 8.0, 10.5, 8.3, 5.5, 6.9, 3.4, 13.0, 4.6, 10.5, 10.7, 9.2, 6.9, 9.4, 7.3, 12.5, 5.7, 16.0, 13.0, 8.5, 3.3, 3.1, 3.2, 5.8, 6.1, 12.8, 8.5, 18.7, 20.9, 9.0, 5.1, 3.4, 19.1, 11.1, 6.3, 11.7, 17.6, 5.3, 29.2, 5.9, 7.2, 13.0, 14.0, 13.5, 9.8, 21.6, 6.4, 8.0, 12.3, 18.4, 5.0, 6.9, 25.5, 14.1, 4.2, 19.1, 4.6, 16.3, 29.4, 12.0, 13.4, 4.8, 5.6, 17.1, 5.0, 13.8, 12.8, 25.8, 10.3, 9.2, 17.5, 21.0, 4.0, 33.6, 18.2, 4.0, 10.8, 13.4, 27.5, 7.1, 10.5, 9.7, 5.3, 14.6, 5.8, 4.9, 24.6, 8.1, 17.0, 17.9, 6.2, 22.4, 12.9, 15.7, 17.7, 9.9, 17.0, 16.3, 3.2, 10.9, 14.5, 8.3, 14.4, 28.8, 8.9, 17.0, 12.7, 10.5, 11.9, 6.9, 3.4, 9.7, 13.0, 6.5, 8.8, 28.0, 23.9, 6.0, 11.4, 31.1, 6.3, 10.4, 5.2, 14.3, 8.2, 4.1, 10.2, 14.8, 15.0, 9.8, 6.3, 7.0, 7.0, 7.0, 15.4, 7.3, 6.7, 8.1, 10.2, 2.5, 8.8, 15.5, 7.8, 11.1, 5.2, 12.2, 9.7, 7.1, 5.6, 5.1, 26.9, 8.8, 22.2, 4.5, 7.1, 9.8, 3.9, 9.1, 5.5, 8.9, 6.0, 12.7, 7.0, 5.7, 14.8, 12.6, 7.8, 17.8, 6.4, 7.9, 17.2, 22.8, 5.3, 23.9, 5.4, 7.5, 15.8, 3.7, 4.3, 11.7, 18.6, 4.7, 20.4, 10.4, 11.9, 13.4, 13.1, 16.9, 9.9, 8.3, 4.0, 6.5, 6.7, 9.1, 3.8, 13.9, 9.7, 5.0, 8.8, 6.4, 3.9, 5.8, 3.6, 8.8, 21.5, 18.1, 12.5, 9.8, 20.2, 8.5, 12.4, 7.5, 7.9, 6.6, 8.3, 8.6, 26.0, 15.3, 12.5, 11.0, 20.4, 20.2, 6.7, 13.3, 9.4, 22.3, 7.8, 17.2, 13.5, 9.3, 7.5, 12.5, 5.6, 8.1, 11.4, 18.5, 6.3, 3.1, 6.1, 17.0, 6.4, 15.9, 10.3, 12.4, 10.5, 9.5, 1.7, 7.2, 7.4, 4.4, 24.0, 9.4, 6.7, 4.4, 16.9, 7.3, 10.6, 21.9, 8.4, 11.3, 5.5, 13.4, 15.0, 8.8, 9.0, 9.0, 8.9, 8.2, 9.3, 32.7, 10.4, 33.0, 15.5, 8.7, 13.7, 5.1, 25.6, 22.4, 4.5, 6.9, 8.0, 6.4, 12.1, 4.5, 5.6, 5.8, 8.6, 16.5, 16.7, 13.7, 15.5, 5.1, 16.6, 2.7, 21.8, 9.1, 12.1, 11.7, 23.9, 5.7, 10.5, 8.8, 18.4, 12.2, 7.5, 13.7, 3.3, 6.4, 9.7, 11.4, 11.6, 7.0, 9.1, 25.8, 7.2, 6.5, 9.7, 4.9, 26.1, 5.2, 12.6, 8.7, 4.4, 19.5, 11.7, 3.7, 27.5, 34.7, 5.5, 7.6, 10.7, 7.9, 7.5, 6.5, 15.4, 13.0, 12.2, 26.1, 18.2, 9.1, 10.2, 14.0, 10.5, 27.7, 9.6, 19.3, 11.9, 10.1, 4.4, 12.9, 10.8, 3.2, 13.5, 15.9, 18.6, 29.9, 39.5, 16.5, 23.8, 8.2, 5.3, 16.7, 10.6, 17.9, 5.5, 6.4, 15.6, 5.0, 6.9, 4.0, 4.1, 20.3, 13.6, 9.0, 11.6, 7.1, 18.1, 16.0, 15.4, 5.2, 14.4, 21.9, 8.1, 12.4, 5.2, 6.2, 12.9, 14.7, 10.7, 13.2, 6.6, 19.3, 13.0, 13.4, 15.2, 11.9, 10.5, 15.6, 4.0, 12.4, 22.1, 9.9, 9.9, 7.2, 8.5, 12.4, 14.0, 11.5, 24.5, 20.7, 13.4, 12.3, 8.1, 7.3, 4.3, 11.8, 4.2, 4.5, 28.4, 22.5, 6.5, 13.3, 5.9, 4.8, 13.4, 29.8, 9.0, 4.5, 3.9, 15.9, 11.3, 11.6, 8.7, 24.5, 3.5, 4.4, 13.5, 4.7, 19.7, 7.7, 8.2, 12.5, 6.9, 5.7, 12.8, 9.5, 7.5, 17.2, 11.3, 9.8, 31.9, 14.1, 11.5, 5.4, 5.2, 11.4, 3.7, 5.0, 4.2, 11.3, 13.0, 10.4, 26.2, 6.3, 8.1, 10.8, 4.8, 4.7, 7.9, 7.1, 7.3, 23.4, 15.9, 16.4, 23.5, 1.7, 22.0, 6.8, 15.3, 5.6, 20.9, 5.2, 14.3, 18.8, 9.3, 14.4, 11.4, 14.0, 8.6, 8.4, 9.1, 5.2, 13.8, 6.5, 25.8, 7.5, 6.2, 10.1, 7.2, 10.8, 20.8, 27.0, 12.5, 4.8, 6.5, 7.0, 21.7, 2.1, 3.6, 8.9, 20.0, 19.2, 19.6, 11.4, 9.0, 17.9, 9.5, 18.7, 13.6, 3.9, 15.6, 15.6, 11.9, 5.1, 4.0, 23.3, 18.9, 19.4, 26.2, 14.3, 13.7, 9.0, 5.1, 15.0, 26.8, 4.7, 18.0, 25.3, 14.3, 3.4, 18.1, 11.1, 3.6, 7.8, 5.0, 6.2, 11.4, 12.1, 13.3, 11.6, 11.5, 15.9, 9.5, 3.7, 10.4, 9.5, 5.5, 5.7, 5.1, 6.9, 12.1, 21.5, 6.2, 10.3, 14.2, 10.3, 14.3, 3.7, 15.4, 8.4, 13.1, 12.1, 7.2, 7.3, 12.1, 4.7, 14.8, 10.6, 14.0, 12.2, 19.1, 4.2, 17.5, 10.5, 15.3, 7.6, 11.4, 17.4, 14.1, 10.1, 7.2, 6.3, 16.5, 16.6, 14.4, 11.1, 7.7, 20.6, 3.6, 16.2, 17.3, 11.1, 10.2, 30.0, 14.6, 18.0, 19.8, 10.3, 23.8, 6.7, 12.8, 20.2, 28.4, 9.5, 15.5, 6.5, 4.3, 14.0, 6.7, 2.5, 6.1, 12.6, 9.3, 16.5, 9.4, 13.8, 32.0, 5.9, 4.3, 8.0, 8.1, 12.1, 5.4, 4.3, 14.1, 5.6, 17.2, 8.8, 10.0, 5.8, 13.9, 3.9, 8.3, 16.8, 24.2, 11.0, 13.1, 23.9, 31.8, 9.1, 9.9, 4.8, 21.1, 11.4, 2.9, 7.0, 19.3, 12.4, 17.4, 7.0, 16.2, 12.3, 8.7, 18.7, 15.6, 24.3, 8.1, 10.3, 11.6, 9.9, 10.6, 8.9, 23.2, 7.7, 10.5, 4.3, 14.5, 15.9, 22.2, 8.5, 19.3, 7.7, 3.7, 15.7, 18.1, 5.3, 23.8, 13.2, 16.9, 3.1, 2.0, 26.6, 28.2, 6.2, 12.9, 3.3, 4.5, 10.0, 11.8, 23.5, 10.9, 11.2, 5.8, 5.0, 10.5, 10.7, 11.6, 15.5, 9.1, 4.3, 15.9, 4.7, 4.9, 8.6, 13.0, 20.7, 4.0, 8.4, 17.7, 16.9, 30.2, 7.0, 4.9, 15.7, 12.6, 7.4, 15.2, 10.0, 9.1, 6.9, 8.7, 10.0, 10.4, 4.4, 4.8, 8.4, 6.1, 10.6, 8.8, 8.9, 8.4, 21.0, 15.7, 12.0, 10.1, 13.0, 8.0, 13.6, 7.6, 10.0, 17.2, 10.4, 12.3, 10.3, 15.5, 17.7, 17.6, 16.2, 28.0, 7.4, 17.4, 13.0, 12.6, 8.8, 12.0, 9.8, 14.0, 11.7, 9.3, 13.7, 10.4, 28.2, 17.7, 14.6, 13.5, 13.5, 6.0, 9.0, 2.5, 16.6, 4.4, 16.8, 7.5, 12.6, 14.2, 4.7, 22.7, 7.7, 9.0, 2.5, 18.6, 12.8, 9.8, 29.3, 14.2, 3.7, 11.1, 4.1, 19.3, 11.6, 47.0, 9.2, 9.8, 12.4, 13.7, 21.6, 8.6, 2.5, 7.2, 22.8, 5.9, 18.5, 41.9, 10.7, 5.9, 9.2, 12.2, 20.2, 13.9, 7.9, 11.1, 18.7, 18.7, 21.3, 8.1, 11.9, 6.6, 6.7, 20.7, 11.0, 13.1, 2.9, 14.3, 3.9, 3.7, 4.4, 11.5, 24.3, 10.7, 14.9, 21.6, 8.8, 5.8, 9.2, 11.5, 2.8, 18.9, 3.8, 6.8, 19.3, 8.4, 15.7, 13.9, 14.5, 18.9, 10.1, 16.1, 6.3, 8.7, 10.2, 11.3, 8.8, 13.6, 18.7, 6.7, 11.1, 15.4, 11.4, 5.3, 13.5, 10.3, 17.0, 9.8, 13.3, 13.2, 13.9, 15.3]
Max AvgDistToWQ: 47.0, Median AvgDistToWQ: 10.5
AvgDistBelowWLQ: [18.8, 4.8, 2.2, 12.6, 13.8, 13.0, 15.8, 8.2, 11.8, 3.3, 6.0, 15.7, 4.6, 8.3, 5.0, 2.9, 12.3, 5.8, 13.5, 8.8, 16.4, 3.4, 3.8, 7.2, 18.2, 5.3, 4.7, 10.8, 12.0, 17.2, 12.0, 13.3, 17.1, 17.2, 5.2, 22.2, 6.6, 2.6, 5.6, 11.3, 13.0, 15.0, 15.2, 16.8, 6.0, 8.6, 9.8, 7.0, 10.8, 10.8, 7.4, 2.7, 16.8, 5.0, 25.3, 5.5, 27.2, 10.2, 15.2, 2.7, 14.8, 9.1, 19.8, 7.8, 15.5, 12.0, 11.8, 9.2, 20.8, 12.0, 6.3, 5.6, 4.6, 25.0, 7.4, 11.5, 19.8, 8.4, 33.0, 9.6, 18.8, 7.2, 33.2, 6.0, 17.0, 42.5, 20.2, 7.7, 21.2, 17.3, 10.7, 14.0, 22.0, 4.0, 14.5, 7.8, 7.0, 7.7, 5.0, 3.7, 19.3, 6.5, 11.0, 4.3, 16.3, 5.2, 10.8, 8.2, 9.2, 12.4, 7.0, 6.7, 7.4, 20.2, 9.0, 5.2, 3.8, 11.0, 7.5, 3.6, 5.3, 12.8, 12.0, 21.2, 6.2, 10.0, 6.3, 3.0, 4.6, 3.8, 8.3, 7.3, 10.2, 8.5, 8.7, 8.0, 9.0, 4.6, 15.2, 4.3, 19.2, 12.4, 8.5, 2.6, 3.0, 3.8, 13.5, 4.4, 11.0, 9.0, 23.0, 20.6, 8.4, 4.4, 3.8, 18.4, 13.5, 4.8, 11.0, 12.0, 4.0, 32.7, 5.2, 5.3, 12.6, 8.6, 16.2, 9.2, 17.5, 7.2, 9.5, 9.7, 18.2, 3.2, 4.8, 42.0, 14.2, 4.5, 11.5, 3.2, 15.8, 20.7, 9.3, 10.8, 4.4, 6.0, 20.8, 4.4, 14.0, 9.2, 18.0, 16.3, 5.4, 14.2, 26.0, 3.4, 33.2, 17.6, 3.6, 10.5, 19.0, 22.3, 5.3, 10.8, 10.8, 6.2, 11.7, 6.5, 4.2, 20.2, 7.6, 14.6, 12.2, 5.8, 17.7, 8.7, 10.9, 12.7, 9.2, 15.0, 15.5, 2.2, 12.0, 11.7, 8.2, 9.9, 35.5, 6.6, 11.7, 10.0, 7.0, 11.2, 6.2, 3.8, 10.7, 21.0, 8.7, 10.8, 19.6, 30.0, 5.4, 9.2, 38.2, 6.0, 8.2, 4.6, 11.5, 6.4, 10.0, 8.2, 13.5, 10.5, 11.8, 4.8, 5.8, 8.0, 5.6, 11.8, 5.7, 5.8, 7.6, 9.8, 3.7, 8.8, 15.0, 7.4, 10.2, 5.8, 14.3, 2.2, 6.0, 13.0, 6.0, 26.2, 19.5, 23.2, 4.2, 4.0, 9.2, 3.2, 7.0, 6.2, 9.8, 9.0, 10.0, 4.6, 6.8, 11.5, 14.8, 5.5, 21.8, 6.0, 9.5, 16.8, 22.0, 4.8, 23.4, 8.3, 9.7, 19.5, 2.5, 2.8, 10.8, 15.6, 2.7, 25.2, 10.0, 8.6, 10.7, 11.4, 11.4, 7.6, 6.5, 4.2, 6.7, 10.7, 11.0, 4.0, 16.8, 7.7, 7.7, 8.4, 6.0, 2.6, 4.3, 3.2, 8.4, 21.0, 14.3, 12.2, 9.0, 24.8, 6.3, 9.8, 5.8, 12.7, 6.2, 7.6, 9.5, 20.0, 25.0, 8.6, 17.7, 25.0, 20.0, 8.0, 21.7, 11.0, 27.5, 8.3, 13.8, 11.2, 7.3, 9.0, 12.0, 3.4, 7.2, 10.8, 17.6, 6.0, 3.7, 5.4, 13.8, 7.2, 19.2, 12.2, 15.0, 29.0, 8.4, 2.5, 8.2, 8.8, 6.7, 29.2, 7.2, 10.7, 3.2, 15.6, 8.2, 10.8, 18.0, 7.8, 8.6, 6.2, 10.8, 14.2, 8.2, 7.2, 6.0, 10.5, 7.6, 6.8, 40.5, 8.6, 40.8, 12.3, 10.2, 13.2, 4.5, 25.2, 15.7, 10.5, 5.2, 7.2, 5.4, 12.7, 4.0, 7.3, 9.0, 12.5, 19.0, 16.2, 9.3, 10.6, 4.4, 13.2, 2.5, 12.7, 8.4, 19.0, 11.2, 21.6, 5.4, 8.2, 6.8, 18.8, 11.6, 8.8, 16.5, 2.8, 4.4, 7.4, 18.7, 7.7, 4.7, 5.3, 19.0, 7.8, 5.0, 7.3, 6.0, 25.6, 4.4, 10.2, 7.2, 4.7, 17.4, 10.8, 4.3, 22.5, 36.8, 4.8, 7.0, 6.4, 6.3, 7.2, 5.8, 18.8, 8.2, 9.7, 30.2, 11.8, 8.4, 12.2, 12.0, 8.2, 27.0, 23.5, 16.2, 11.2, 9.0, 4.0, 19.7, 10.2, 3.5, 10.8, 15.0, 17.8, 29.4, 32.5, 11.4, 29.2, 11.7, 6.2, 20.5, 8.3, 14.2, 6.5, 4.0, 12.5, 5.8, 8.2, 3.0, 4.8, 16.5, 13.0, 7.2, 12.0, 8.2, 19.5, 13.0, 15.0, 6.3, 12.2, 29.3, 5.5, 8.4, 6.0, 4.5, 10.2, 10.7, 13.5, 10.2, 6.2, 18.6, 10.6, 10.0, 14.8, 14.2, 15.5, 13.0, 3.6, 7.7, 21.6, 9.5, 12.0, 6.2, 10.0, 15.0, 16.8, 10.2, 30.0, 16.8, 9.1, 6.9, 6.3, 10.3, 3.6, 10.2, 4.8, 5.0, 27.8, 15.6, 5.0, 8.7, 4.5, 6.3, 7.9, 29.4, 7.0, 4.8, 5.7, 19.0, 9.6, 9.3, 12.3, 29.0, 3.5, 4.8, 12.8, 4.2, 16.0, 7.2, 19.5, 8.4, 8.0, 6.8, 12.0, 9.2, 5.8, 10.8, 13.2, 9.2, 31.4, 11.2, 9.0, 4.0, 4.6, 16.3, 3.0, 6.0, 3.5, 11.7, 12.4, 8.3, 24.4, 5.8, 12.7, 14.7, 4.2, 4.2, 6.2, 6.6, 7.0, 14.1, 12.0, 13.8, 22.8, 1.2, 21.4, 6.2, 14.6, 3.8, 34.3, 3.8, 23.3, 20.8, 11.2, 17.7, 11.0, 10.8, 9.0, 8.0, 8.6, 4.8, 13.2, 5.8, 21.0, 11.7, 5.6, 8.0, 4.9, 10.2, 20.2, 26.4, 15.0, 3.7, 5.6, 10.3, 40.5, 2.7, 2.5, 7.8, 32.7, 23.5, 15.7, 18.7, 8.6, 12.1, 7.5, 24.0, 10.8, 3.4, 15.0, 15.2, 9.0, 6.0, 2.0, 28.8, 17.5, 20.0, 32.2, 11.5, 12.6, 10.8, 7.0, 10.1, 21.8, 5.5, 17.6, 24.8, 17.2, 2.8, 17.6, 10.6, 2.0, 5.0, 4.2, 4.8, 16.0, 30.0, 16.0, 11.5, 9.0, 15.4, 11.5, 3.2, 8.2, 11.5, 4.8, 6.3, 3.8, 5.3, 10.0, 35.3, 5.6, 9.6, 14.2, 16.7, 11.3, 2.5, 18.5, 6.3, 8.4, 9.2, 5.3, 6.8, 12.2, 3.8, 14.0, 8.3, 16.0, 13.3, 15.3, 4.8, 15.2, 8.3, 12.8, 12.0, 7.6, 16.2, 8.3, 9.8, 7.2, 4.7, 11.2, 27.0, 11.3, 8.8, 9.2, 20.2, 2.6, 15.6, 21.0, 17.3, 8.0, 29.6, 36.0, 14.7, 19.4, 10.0, 29.2, 6.2, 15.5, 24.0, 38.3, 15.0, 12.5, 6.2, 3.8, 17.0, 4.8, 3.7, 7.2, 6.6, 7.3, 11.8, 8.8, 13.2, 26.3, 6.8, 2.8, 7.6, 5.3, 9.5, 8.7, 2.8, 17.5, 4.2, 15.6, 10.5, 9.4, 3.5, 16.2, 4.0, 9.5, 16.2, 19.8, 8.4, 10.6, 23.2, 31.2, 7.2, 8.2, 4.4, 25.8, 9.2, 4.3, 6.8, 12.9, 7.7, 12.6, 6.2, 14.5, 14.2, 8.2, 23.0, 12.0, 19.5, 7.4, 9.8, 9.6, 10.0, 10.2, 9.5, 19.0, 9.2, 8.2, 10.0, 11.7, 12.8, 17.8, 8.2, 19.0, 5.0, 5.0, 12.8, 15.8, 4.6, 29.2, 10.5, 20.5, 2.6, 1.5, 26.2, 25.2, 5.6, 15.8, 2.5, 5.0, 7.5, 11.4, 16.4, 8.3, 10.8, 6.2, 4.4, 8.3, 13.0, 11.2, 18.5, 8.0, 5.0, 13.5, 4.0, 3.6, 10.0, 11.8, 20.0, 4.2, 9.5, 11.2, 16.4, 24.5, 5.3, 4.0, 12.3, 9.8, 5.5, 11.8, 5.6, 6.0, 8.0, 8.2, 12.0, 9.8, 3.8, 5.2, 7.8, 6.0, 8.2, 5.9, 10.5, 10.0, 20.6, 19.0, 13.8, 12.0, 7.8, 6.2, 30.0, 7.2, 7.7, 13.8, 9.8, 19.7, 6.7, 18.2, 16.5, 17.0, 11.0, 25.2, 7.0, 20.8, 13.5, 8.8, 7.0, 5.8, 6.7, 11.0, 14.0, 7.2, 13.4, 12.5, 19.8, 18.5, 14.0, 12.2, 10.7, 9.3, 11.0, 2.5, 20.0, 3.8, 13.7, 8.8, 12.0, 13.2, 4.8, 22.0, 6.0, 7.2, 2.0, 13.0, 10.2, 9.8, 28.4, 11.3, 2.7, 8.7, 3.0, 16.8, 7.7, 36.3, 10.5, 9.4, 15.2, 16.8, 17.5, 10.0, 2.0, 5.5, 26.8, 4.5, 12.7, 33.5, 7.1, 5.4, 6.1, 8.1, 18.8, 13.4, 7.0, 9.6, 13.6, 23.0, 20.6, 6.2, 7.0, 7.5, 9.0, 33.7, 8.5, 12.4, 3.0, 13.8, 2.6, 3.2, 6.0, 11.0, 19.7, 13.0, 12.8, 17.5, 8.2, 5.2, 6.6, 8.8, 2.8, 18.4, 3.4, 7.0, 23.8, 8.5, 15.0, 22.7, 13.8, 22.7, 7.8, 10.9, 7.2, 8.0, 12.5, 13.8, 5.6, 12.8, 22.8, 10.3, 8.0, 14.8, 13.8, 3.5, 13.0, 12.0, 16.4, 7.8, 12.8, 12.6, 8.1, 9.0]
Max AvgDistBelowWLQ: 42.5, Median AvgDistBelowWLQ: 9.8
AvgDistAboveWUQ: [15.6, 5.8, 4.0, 21.8, 13.8, 18.5, 16.4, 12.8, 9.0, 3.7, 6.0, 7.5, 6.4, 4.8, 10.3, 11.5, 18.8, 9.0, 10.6, 23.7, 39.3, 4.8, 4.7, 11.5, 18.4, 11.2, 7.5, 11.0, 6.2, 17.2, 5.8, 20.2, 41.0, 26.0, 8.8, 14.7, 8.8, 5.7, 5.6, 10.8, 20.0, 10.7, 13.2, 16.6, 3.4, 13.8, 12.5, 5.0, 10.6, 15.0, 18.0, 5.3, 17.0, 6.8, 12.7, 8.2, 21.8, 15.2, 15.2, 1.5, 22.2, 22.3, 15.0, 12.0, 18.2, 4.8, 18.2, 11.2, 21.2, 5.0, 17.0, 7.8, 9.2, 25.2, 27.5, 7.8, 29.8, 35.0, 16.3, 12.0, 12.2, 11.0, 41.8, 11.0, 18.4, 44.8, 20.6, 19.7, 17.0, 10.0, 8.7, 9.0, 22.4, 4.5, 11.8, 16.3, 4.4, 5.0, 5.2, 7.0, 7.9, 16.0, 7.2, 6.8, 11.6, 5.0, 16.2, 8.2, 11.5, 12.4, 5.6, 10.0, 30.0, 25.5, 6.8, 6.2, 8.0, 11.2, 11.5, 4.5, 9.8, 13.0, 9.8, 21.4, 9.5, 10.0, 13.7, 6.5, 11.0, 3.0, 21.3, 2.9, 8.3, 13.0, 11.0, 8.0, 11.2, 11.7, 10.2, 6.5, 12.7, 15.5, 8.0, 3.5, 3.2, 3.5, 5.0, 7.2, 12.4, 8.2, 15.2, 20.8, 10.8, 8.0, 3.5, 18.6, 8.8, 9.7, 13.8, 28.7, 3.8, 24.0, 7.0, 8.5, 12.6, 22.7, 10.8, 9.2, 26.8, 10.0, 7.6, 15.0, 22.2, 4.6, 16.0, 17.6, 13.4, 3.6, 47.5, 7.3, 19.8, 48.3, 14.2, 16.2, 7.3, 5.2, 13.8, 4.4, 13.2, 21.0, 42.7, 9.6, 22.5, 21.2, 16.8, 4.5, 33.2, 17.6, 4.5, 10.4, 12.8, 33.8, 8.2, 12.5, 9.0, 4.8, 17.8, 7.0, 4.4, 30.5, 8.0, 20.8, 29.3, 6.8, 27.5, 20.7, 26.0, 14.2, 12.0, 16.6, 20.0, 2.8, 10.4, 17.8, 7.6, 23.3, 23.5, 10.5, 27.7, 20.3, 26.0, 14.5, 6.4, 3.8, 9.2, 10.5, 5.0, 6.8, 46.3, 23.6, 5.4, 13.8, 25.3, 7.5, 12.5, 4.8, 23.0, 9.8, 2.3, 12.2, 14.4, 18.5, 11.5, 7.5, 11.0, 6.4, 11.0, 15.2, 8.5, 7.8, 9.5, 10.0, 3.3, 8.4, 14.8, 9.2, 13.2, 5.8, 11.4, 15.7, 6.6, 3.3, 4.6, 33.2, 6.5, 21.6, 4.0, 17.5, 11.8, 9.0, 10.8, 6.0, 6.8, 5.6, 15.2, 11.3, 5.0, 24.0, 15.5, 12.3, 17.2, 6.0, 7.2, 16.6, 22.2, 6.0, 29.5, 4.0, 6.8, 12.7, 17.0, 5.0, 11.2, 18.0, 7.0, 16.5, 12.2, 14.5, 21.7, 15.8, 27.7, 12.0, 10.0, 4.5, 6.0, 4.8, 7.0, 3.2, 11.0, 15.7, 4.6, 8.4, 5.8, 5.7, 9.0, 8.5, 10.5, 26.2, 22.2, 12.0, 11.8, 19.8, 20.5, 15.0, 8.8, 6.2, 10.3, 9.8, 13.3, 32.0, 12.3, 20.3, 7.4, 16.3, 19.8, 6.2, 9.0, 11.2, 21.6, 7.2, 28.3, 13.0, 15.0, 6.8, 12.0, 13.5, 9.5, 18.3, 18.0, 7.2, 3.2, 9.7, 20.8, 5.8, 12.7, 9.6, 9.8, 6.4, 11.2, 1.7, 8.5, 7.0, 5.0, 23.6, 11.2, 5.0, 5.0, 16.6, 11.3, 10.0, 26.8, 8.0, 13.8, 5.0, 16.5, 14.4, 8.4, 10.8, 14.7, 6.8, 9.8, 15.3, 26.7, 12.5, 32.6, 18.8, 6.5, 16.8, 4.6, 25.2, 37.0, 4.8, 8.0, 7.6, 10.3, 11.6, 4.0, 5.0, 9.0, 8.0, 15.8, 16.2, 22.3, 25.3, 6.0, 20.5, 3.2, 36.0, 10.5, 9.5, 14.0, 29.2, 5.4, 16.7, 10.5, 17.8, 30.0, 5.7, 11.0, 3.8, 10.0, 9.2, 7.7, 19.0, 17.0, 10.8, 42.7, 8.5, 10.3, 11.5, 3.7, 25.2, 6.0, 15.5, 10.2, 3.2, 19.0, 14.2, 4.2, 45.0, 34.2, 12.5, 7.4, 17.7, 12.7, 9.0, 5.8, 12.2, 21.3, 14.8, 25.4, 22.2, 14.7, 16.3, 17.0, 10.2, 27.4, 7.5, 18.8, 11.6, 9.6, 4.8, 12.2, 13.0, 3.2, 22.3, 19.2, 18.2, 29.4, 49.0, 27.0, 19.5, 7.8, 5.8, 13.5, 13.0, 21.8, 6.0, 10.3, 19.0, 5.2, 11.0, 3.4, 3.6, 24.8, 13.2, 10.8, 11.2, 10.7, 22.2, 15.6, 15.0, 4.4, 14.2, 17.8, 9.5, 15.0, 5.8, 7.2, 15.5, 18.0, 10.2, 21.3, 10.3, 18.8, 21.3, 16.5, 14.8, 14.5, 6.9, 25.7, 4.5, 20.0, 21.6, 9.6, 7.7, 7.0, 10.0, 12.0, 16.8, 11.0, 20.0, 25.5, 22.0, 30.0, 9.8, 8.2, 6.7, 11.2, 4.8, 5.2, 34.8, 37.3, 7.5, 21.7, 7.0, 4.4, 33.0, 36.5, 11.0, 3.2, 3.2, 19.2, 10.8, 14.2, 8.2, 19.8, 5.0, 5.0, 12.8, 5.0, 24.0, 9.2, 6.2, 20.3, 10.7, 5.2, 15.5, 11.2, 11.7, 28.0, 13.8, 9.4, 31.4, 17.2, 13.8, 8.7, 6.0, 10.8, 5.3, 3.5, 4.8, 10.8, 12.2, 12.5, 25.6, 7.2, 6.2, 17.7, 4.2, 7.0, 9.5, 6.6, 11.7, 57.5, 19.5, 16.0, 23.2, 2.3, 21.2, 6.0, 18.5, 8.7, 14.4, 8.3, 11.3, 15.2, 7.3, 11.5, 11.0, 17.0, 10.2, 9.8, 8.6, 4.4, 13.2, 10.0, 31.8, 7.0, 5.6, 25.0, 17.5, 10.4, 25.2, 26.4, 10.0, 7.7, 10.0, 8.0, 14.9, 2.0, 5.0, 8.4, 14.0, 15.5, 23.8, 7.7, 8.6, 29.3, 15.0, 15.3, 16.5, 6.0, 14.8, 15.0, 14.2, 4.6, 9.5, 18.8, 18.4, 18.8, 21.5, 17.5, 13.2, 7.0, 5.5, 24.7, 32.8, 4.0, 21.8, 24.8, 13.6, 3.5, 17.6, 10.4, 5.7, 9.2, 5.8, 10.0, 9.3, 7.9, 10.7, 11.2, 13.8, 15.4, 11.0, 4.0, 12.2, 8.8, 9.0, 5.2, 12.0, 8.0, 19.7, 14.9, 7.0, 9.8, 13.8, 9.8, 17.2, 3.2, 12.3, 13.3, 21.3, 14.5, 8.5, 8.5, 11.6, 5.2, 14.2, 12.8, 13.6, 14.8, 23.2, 4.8, 16.8, 12.8, 18.5, 5.1, 18.7, 21.2, 23.0, 9.6, 8.2, 7.5, 20.2, 11.6, 17.5, 13.2, 9.2, 20.2, 5.7, 19.2, 13.7, 10.4, 12.2, 29.2, 9.7, 22.0, 24.0, 9.8, 23.2, 7.8, 15.2, 19.8, 23.2, 6.3, 19.0, 6.2, 4.0, 11.2, 10.7, 2.5, 5.6, 20.7, 11.0, 20.2, 8.8, 13.2, 39.5, 5.2, 6.7, 19.0, 13.0, 19.7, 4.6, 6.7, 11.2, 6.5, 16.6, 8.2, 12.0, 6.8, 13.2, 3.4, 13.3, 16.4, 29.5, 27.0, 15.8, 23.6, 39.5, 10.8, 9.6, 5.5, 25.5, 13.8, 2.2, 6.6, 48.0, 20.0, 28.7, 8.0, 15.8, 15.0, 8.2, 15.0, 19.0, 29.8, 7.4, 12.5, 14.0, 11.8, 12.5, 8.6, 28.2, 7.0, 12.8, 3.6, 17.5, 19.5, 27.2, 8.0, 18.8, 12.0, 3.0, 19.0, 17.4, 6.2, 19.3, 16.2, 16.4, 4.7, 3.0, 26.2, 27.6, 7.2, 10.3, 3.5, 4.0, 12.2, 14.2, 38.7, 17.3, 10.8, 6.5, 7.3, 12.8, 8.3, 11.2, 18.8, 8.6, 3.6, 19.5, 7.3, 7.3, 8.0, 14.5, 25.2, 6.3, 7.8, 29.3, 16.4, 37.0, 11.0, 5.5, 25.7, 20.3, 8.8, 37.5, 24.5, 15.0, 5.2, 8.2, 7.7, 10.0, 5.2, 7.0, 9.8, 5.6, 12.8, 14.0, 6.7, 6.3, 20.6, 19.2, 11.4, 7.8, 32.5, 9.5, 9.3, 9.0, 12.0, 21.0, 10.0, 8.3, 25.5, 14.8, 21.5, 21.5, 26.3, 27.4, 8.8, 17.0, 12.4, 15.2, 10.5, 29.5, 16.0, 16.8, 9.3, 11.2, 13.4, 8.2, 34.5, 17.0, 14.0, 13.0, 16.5, 9.0, 8.4, 3.3, 13.2, 6.7, 20.5, 5.5, 12.0, 13.6, 5.0, 22.0, 9.0, 10.8, 3.7, 30.7, 15.5, 11.8, 36.0, 17.0, 4.0, 13.2, 4.8, 23.5, 19.0, 78.0, 10.8, 11.5, 9.8, 11.0, 26.5, 8.0, 3.7, 8.5, 22.4, 7.0, 30.3, 52.0, 17.0, 6.8, 14.7, 19.7, 19.8, 13.4, 12.7, 13.2, 30.7, 15.0, 20.8, 13.0, 29.5, 4.8, 5.3, 14.3, 17.7, 15.8, 2.4, 13.8, 4.2, 5.3, 5.0, 10.8, 29.5, 8.3, 14.4, 35.3, 14.0, 5.4, 10.8, 14.0, 2.8, 18.4, 3.0, 6.4, 15.5, 10.2, 15.2, 11.2, 17.8, 15.2, 12.2, 39.5, 7.5, 8.2, 9.6, 9.0, 21.5, 13.0, 15.0, 5.2, 18.3, 15.0, 9.0, 6.2, 16.5, 16.0, 16.6, 11.8, 12.6, 16.0, 34.0, 14.8]
Max AvgDistAboveWUQ: 78.0, Median AvgDistAboveWUQ: 11.8

-----------------------------------------------------------------------------------------

